0.000000  -0.000000  0.000000  0.000000  
0.000000  -0.000000  0.000000  0.000000  
0.000000  -0.000000  0.000000  0.000000  
0.000000  -0.000000  0.000000  0.000000  
0.000000  -0.000000  0.000000  0.000000  
0.000000  -0.000000  0.000000  0.000000  
0.000000  -0.000000  0.000000  0.000000  
0.000000  -0.000000  0.000000  0.000000  
0.000000  -0.000000  0.000000  0.000000  
0.000000  -0.000000  0.000000  0.000000  
0.000000  -0.000000  0.000000  0.003579  
0.000000  -0.000000  0.000000  0.003579  
0.000000  -0.000000  0.000000  0.003579  
0.000000  -0.000000  0.000000  0.003579  
0.000000  -0.000000  0.000000  0.003579  
0.000000  -0.000000  0.000000  0.003579  
0.000000  -0.000000  0.000000  0.003579  
0.000000  -0.000000  0.000000  0.003579  
0.000000  -0.000000  0.000000  0.003579  
0.000000  -0.000000  0.000000  0.003579  
0.000000  -0.000000  0.000000  0.003605  
0.000000  -0.000000  0.000000  0.003605  
0.000000  -0.000000  0.000000  0.003605  
0.000000  -0.000000  0.000000  0.003605  
0.000000  -0.000000  0.000000  0.003605  
0.000000  -0.000000  0.000000  0.003605  
0.000000  -0.000000  0.000000  0.003605  
0.000000  -0.000000  0.000000  0.003605  
0.000000  -0.000000  0.000000  0.003605  
0.000000  -0.000000  0.000000  0.003605  
0.000000  -0.000000  0.000000  0.003650  
0.000000  -0.000000  0.000000  0.003650  
0.000000  -0.000000  0.000000  0.003650  
0.000000  -0.000000  0.000000  0.003650  
0.000000  -0.000000  0.000000  0.003650  
0.000000  -0.000000  0.000000  0.003650  
0.000000  -0.000000  0.000000  0.003650  
0.000000  -0.000000  0.000000  0.003650  
0.000000  -0.000000  0.000000  0.003650  
0.000001  -0.000000  0.000249  0.003650  
0.000001  -0.000000  0.000000  0.003485  
0.000001  -0.000000  0.000000  0.003485  
0.000001  -0.000000  0.000000  0.003485  
0.000001  -0.000000  0.000000  0.003485  
0.000001  -0.000000  0.000000  0.003485  
0.000001  -0.000000  0.000000  0.003485  
0.000002  -0.000000  0.000249  0.003485  
0.000002  -0.000000  0.000000  0.003485  
0.000002  -0.000000  0.000000  0.003485  
0.000002  -0.000000  0.000000  0.003485  
0.000004  -0.000000  0.000311  0.003791  
0.000004  -0.000000  0.000000  0.003791  
0.000004  -0.000000  0.000000  0.003791  
0.000005  -0.000000  0.000249  0.003791  
0.000005  -0.000000  0.000000  0.003791  
0.000006  -0.000000  0.000249  0.003791  
0.000006  -0.000000  0.000000  0.003791  
0.000007  -0.000000  0.000249  0.003791  
0.000009  -0.000000  0.000249  0.003791  
0.000009  -0.000000  0.000000  0.003791  
0.000010  -0.000000  0.000249  0.003888  
0.000011  -0.000000  0.000249  0.003888  
0.000012  -0.000000  0.000249  0.003888  
0.000014  -0.000000  0.000249  0.003888  
0.000015  -0.000000  0.000249  0.003888  
0.000016  -0.000000  0.000249  0.003888  
0.000017  -0.000000  0.000249  0.003888  
0.000020  -0.000000  0.000498  0.003888  
0.000021  -0.000000  0.000249  0.003888  
0.000022  -0.000000  0.000249  0.003888  
0.000025  -0.000000  0.000498  0.003776  
0.000026  -0.000444  0.000207  0.003776  
0.000029  -0.000444  0.000623  0.003776  
0.000031  -0.000444  0.000498  0.003776  
0.000032  -0.000444  0.000249  0.003776  
0.000035  -0.000444  0.000498  0.003776  
0.000037  -0.000444  0.000498  0.003776  
0.000040  -0.000444  0.000498  0.003776  
0.000042  -0.000444  0.000498  0.003776  
0.000045  -0.000444  0.000498  0.003776  
0.000047  -0.000444  0.000498  0.003682  
0.000051  -0.000444  0.000747  0.003682  
0.000054  -0.000444  0.000498  0.003682  
0.000056  -0.000444  0.000498  0.003682  
0.000060  -0.000444  0.000747  0.003682  
0.000062  -0.000444  0.000498  0.003682  
0.000066  -0.000444  0.000747  0.003682  
0.000068  -0.000444  0.000498  0.003682  
0.000072  -0.000444  0.000747  0.003682  
0.000076  -0.000444  0.000747  0.003682  
0.000080  -0.000444  0.000747  0.003605  
0.000083  -0.000444  0.000747  0.003605  
0.000087  -0.000444  0.000747  0.003605  
0.000091  -0.000444  0.000620  0.003605  
0.000095  -0.000444  0.000934  0.003605  
0.000098  -0.000444  0.000747  0.003605  
0.000103  -0.000444  0.000996  0.003605  
0.000107  -0.000444  0.000747  0.003605  
0.000112  -0.000444  0.000996  0.003605  
0.000116  -0.000444  0.000747  0.003605  
0.000121  -0.000444  0.000996  0.003772  
0.000126  -0.000444  0.000996  0.003772  
0.000129  -0.000444  0.000747  0.003772  
0.000134  -0.000444  0.000996  0.003772  
0.000139  -0.000444  0.000996  0.003772  
0.000144  -0.000444  0.000996  0.003772  
0.000149  -0.000444  0.000996  0.003772  
0.000156  -0.000889  0.001245  0.003772  
0.000161  -0.000889  0.000996  0.003772  
0.000166  -0.000889  0.000996  0.003772  
0.000171  -0.000889  0.000996  0.003730  
0.000177  -0.000889  0.001245  0.003730  
0.000183  -0.000889  0.001245  0.003730  
0.000188  -0.000889  0.000996  0.003730  
0.000194  -0.000889  0.001245  0.003730  
0.000200  -0.000889  0.001245  0.003730  
0.000205  -0.000889  0.000996  0.003730  
0.000212  -0.000889  0.001245  0.003730  
0.000218  -0.000889  0.001245  0.003730  
0.000224  -0.000889  0.001245  0.003730  
0.000232  -0.000889  0.001494  0.003706  
0.000238  -0.000889  0.001245  0.003706  
0.000244  -0.000889  0.001245  0.003706  
0.000250  -0.000889  0.001245  0.003706  
0.000258  -0.000889  0.001494  0.003706  
0.000264  -0.000889  0.001245  0.003706  
0.000271  -0.000889  0.001494  0.003706  
0.000279  -0.000889  0.001494  0.003706  
0.000285  -0.000889  0.001245  0.003706  
0.000293  -0.000889  0.001494  0.003706  
0.000300  -0.000889  0.001494  0.003699  
0.000308  -0.000889  0.001494  0.003699  
0.000315  -0.000889  0.001494  0.003699  
0.000322  -0.000889  0.001494  0.003699  
0.000330  -0.000889  0.001494  0.003699  
0.000339  -0.000889  0.001743  0.003699  
0.000346  -0.000889  0.001494  0.003699  
0.000354  -0.000889  0.001494  0.003699  
0.000362  -0.000889  0.001743  0.003699  
0.000370  -0.000889  0.001494  0.003699  
0.000378  -0.000889  0.001743  0.003936  
0.000387  -0.000889  0.001743  0.003936  
0.000396  -0.000889  0.001743  0.003936  
0.000403  -0.000889  0.001494  0.003936  
0.000412  -0.000889  0.001743  0.003936  
0.000421  -0.000889  0.001743  0.003936  
0.000430  -0.000889  0.001743  0.003936  
0.000439  -0.000889  0.001992  0.003936  
0.000448  -0.000889  0.001743  0.003936  
0.000457  -0.000889  0.001743  0.003936  
0.000467  -0.000889  0.001992  0.003964  
0.000476  -0.000889  0.001743  0.003964  
0.000486  -0.000889  0.001992  0.003964  
0.000494  -0.000889  0.001743  0.003964  
0.000504  -0.000889  0.001992  0.003964  
0.000514  -0.000889  0.001992  0.003964  
0.000523  -0.000889  0.001743  0.003964  
0.000533  -0.000889  0.001992  0.003964  
0.000543  -0.000889  0.001992  0.003964  
0.000553  -0.000889  0.001992  0.003964  
0.000563  -0.000889  0.001992  0.004009  
0.000574  -0.000889  0.002241  0.004009  
0.000584  -0.000889  0.001992  0.004009  
0.000594  -0.000444  0.001992  0.004009  
0.000605  -0.000444  0.002241  0.004009  
0.000615  -0.000444  0.001992  0.004009  
0.000626  -0.000444  0.002241  0.004009  
0.000636  -0.000444  0.001992  0.004009  
0.000647  -0.000444  0.002241  0.004009  
0.000659  -0.000444  0.002241  0.004009  
0.000670  -0.000444  0.002241  0.004071  
0.000681  -0.000444  0.002241  0.004071  
0.000692  -0.000444  0.002241  0.004071  
0.000703  -0.000444  0.002241  0.004071  
0.000715  -0.000444  0.002241  0.004071  
0.000726  -0.000444  0.002241  0.004071  
0.000737  -0.000444  0.002241  0.004071  
0.000749  -0.000444  0.002490  0.004071  
0.000761  -0.000444  0.002241  0.004071  
0.000773  -0.000444  0.002490  0.004071  
0.000786  -0.000444  0.002490  0.004151  
0.000797  -0.000444  0.002241  0.004151  
0.000809  -0.000444  0.002490  0.004151  
0.000822  -0.000444  0.002490  0.004151  
0.000834  -0.000444  0.002490  0.004151  
0.000847  -0.000444  0.002490  0.004151  
0.000859  -0.000444  0.002490  0.004151  
0.000872  -0.000444  0.002490  0.004151  
0.000884  -0.000444  0.002490  0.004151  
0.000898  -0.000444  0.002739  0.004151  
0.000910  -0.000444  0.002490  0.004247  
0.000924  -0.000444  0.002739  0.004247  
0.000936  -0.000444  0.002490  0.004247  
0.000950  -0.000444  0.002739  0.004247  
0.000962  -0.000444  0.002490  0.004247  
0.000976  -0.000444  0.002739  0.004247  
0.000990  -0.000444  0.002739  0.004247  
0.001003  -0.000444  0.002739  0.004247  
0.001017  -0.000444  0.002739  0.004247  
0.001031  -0.000444  0.002739  0.004247  
0.001045  -0.000444  0.002739  0.004587  
0.001059  -0.000444  0.002988  0.004587  
0.001073  -0.000444  0.002739  0.004587  
0.001088  -0.000444  0.002988  0.004587  
0.001104  -0.000444  0.002687  0.004587  
0.001117  -0.000444  0.003113  0.004587  
0.001130  -0.000444  0.002739  0.004587  
0.001145  -0.000444  0.002988  0.004587  
0.001160  -0.000444  0.002988  0.004587  
0.001175  -0.000444  0.002988  0.004587  
0.001190  -0.000444  0.002988  0.004718  
0.001205  -0.000444  0.002988  0.004718  
0.001220  -0.000444  0.002988  0.004718  
0.001235  -0.000444  0.002988  0.004718  
0.001251  -0.000444  0.003237  0.004718  
0.001266  -0.000444  0.002988  0.004718  
0.001282  -0.000444  0.003237  0.004718  
0.001297  -0.000444  0.002988  0.004718  
0.001313  -0.000444  0.003237  0.004718  
0.001330  -0.000444  0.003237  0.004718  
0.001345  -0.000444  0.002988  0.004865  
0.001361  -0.000444  0.003237  0.004865  
0.001377  -0.000444  0.003237  0.004865  
0.001393  -0.000444  0.003237  0.004865  
0.001409  -0.000444  0.003237  0.004865  
0.001427  -0.000444  0.003486  0.004865  
0.001443  -0.000444  0.003237  0.004865  
0.001459  -0.000444  0.003237  0.004865  
0.001477  -0.000444  0.003486  0.004865  
0.001493  -0.000444  0.003237  0.004865  
0.001510  -0.000444  0.003486  0.005256  
0.001528  -0.000444  0.003486  0.005256  
0.001545  -0.000444  0.003486  0.005256  
0.001562  -0.000444  0.003486  0.005256  
0.001580  -0.000444  0.003486  0.005256  
0.001597  -0.000444  0.003486  0.005256  
0.001615  -0.000444  0.003486  0.005256  
0.001632  -0.000444  0.003486  0.005256  
0.001651  -0.000444  0.003735  0.005256  
0.001668  -0.000444  0.003486  0.005256  
0.001686  -0.000444  0.003486  0.005437  
0.001704  -0.000444  0.003735  0.005437  
0.001723  -0.000444  0.003735  0.005437  
0.001742  -0.000444  0.003735  0.005437  
0.001760  -0.000444  0.003735  0.005437  
0.001778  -0.000444  0.003486  0.005437  
0.001798  -0.000444  0.003984  0.005437  
0.001816  -0.000444  0.003735  0.005437  
0.001835  -0.000444  0.003735  0.005437  
0.001854  -0.000444  0.003100  0.005437  
0.001874  -0.000444  0.004980  0.006212  
0.001892  -0.000444  0.003735  0.006212  
0.001912  -0.000444  0.003984  0.006212  
0.001932  -0.000444  0.003984  0.006212  
0.001951  -0.000444  0.003735  0.006212  
0.001971  -0.000444  0.003984  0.006212  
0.001991  -0.000444  0.003984  0.006212  
0.002011  -0.000444  0.003984  0.006212  
0.002032  -0.000444  0.004233  0.006212  
0.002052  -0.000444  0.003984  0.006212  
0.002072  -0.000444  0.003984  0.005848  
0.002093  -0.000444  0.004233  0.005848  
0.002113  -0.000444  0.003984  0.005848  
0.002134  -0.000444  0.004233  0.005848  
0.002155  -0.000444  0.004233  0.005848  
0.002176  -0.000444  0.004233  0.005848  
0.002197  -0.000444  0.004233  0.005848  
0.002219  -0.000444  0.004233  0.005848  
0.002240  -0.000444  0.004233  0.005848  
0.002261  -0.000444  0.004233  0.005848  
0.002283  -0.000444  0.004482  0.006079  
0.002305  -0.000444  0.003513  0.006079  
0.002327  -0.000444  0.005603  0.006079  
0.002348  -0.000444  0.004233  0.006079  
0.002370  -0.000444  0.004482  0.006079  
0.002393  -0.000444  0.004482  0.006079  
0.002415  -0.000444  0.004482  0.006079  
0.002438  -0.000444  0.004482  0.006079  
0.002460  -0.000444  0.004482  0.006079  
0.002484  -0.000444  0.004731  0.006079  
0.002506  -0.000444  0.004482  0.006099  
0.002530  -0.000444  0.004731  0.006099  
0.002552  -0.000444  0.004482  0.006099  
0.002576  -0.000444  0.004731  0.006099  
0.002600  -0.000444  0.004731  0.006099  
0.002623  -0.000444  0.004731  0.006099  
0.002647  -0.000444  0.004731  0.006099  
0.002671  -0.000444  0.004731  0.006099  
0.002695  -0.000444  0.004980  0.006099  
0.002719  -0.000444  0.004731  0.006099  
0.002744  -0.000444  0.004980  0.006589  
0.002768  -0.000444  0.004731  0.006589  
0.002793  -0.000444  0.004980  0.006589  
0.002817  -0.000444  0.004980  0.006589  
0.002842  -0.000444  0.004980  0.006589  
0.002867  -0.000444  0.004980  0.006589  
0.002892  -0.000444  0.004980  0.006589  
0.002918  -0.000444  0.005229  0.006589  
0.002943  -0.000444  0.004980  0.006589  
0.002969  -0.000444  0.005229  0.006589  
0.002994  -0.000444  0.004980  0.006642  
0.003020  -0.000444  0.005229  0.006642  
0.003047  -0.000444  0.005229  0.006642  
0.003073  -0.000444  0.005229  0.006642  
0.003099  -0.000444  0.005229  0.006642  
0.003126  -0.000444  0.005478  0.006642  
0.003152  -0.000444  0.005229  0.006642  
0.003180  -0.000444  0.005478  0.006642  
0.003206  -0.000444  0.005229  0.006642  
0.003233  -0.000444  0.005478  0.006642  
0.003261  -0.000444  0.005478  0.006937  
0.003288  -0.000444  0.005478  0.006937  
0.003315  -0.000444  0.005478  0.006937  
0.003343  -0.000444  0.005478  0.006937  
0.003371  -0.000444  0.005727  0.006937  
0.003399  -0.000444  0.005478  0.006937  
0.003427  -0.000444  0.005727  0.006937  
0.003456  -0.000444  0.005727  0.006937  
0.003485  -0.000444  0.005727  0.006937  
0.003513  -0.000444  0.005727  0.006937  
0.003542  -0.000444  0.005727  0.007248  
0.003571  -0.000444  0.005727  0.007248  
0.003599  -0.000444  0.005727  0.007248  
0.003629  -0.000444  0.005976  0.007248  
0.003659  -0.000444  0.005976  0.007248  
0.003688  -0.000444  0.005727  0.007248  
0.003718  -0.000444  0.005976  0.007248  
0.003747  -0.000444  0.005976  0.007248  
0.003777  -0.000444  0.005976  0.007248  
0.003808  -0.000444  0.006225  0.007248  
0.003838  -0.000444  0.005976  0.007348  
0.003868  -0.000444  0.005976  0.007348  
0.003899  -0.000444  0.006225  0.007348  
0.003930  -0.000444  0.006225  0.007348  
0.003962  -0.000444  0.006225  0.007348  
0.003993  -0.000444  0.006225  0.007348  
0.004024  -0.000444  0.006225  0.007348  
0.004055  -0.000444  0.006225  0.007348  
0.004087  -0.000444  0.005373  0.007348  
0.004118  -0.000444  0.007781  0.007348  
0.004151  -0.000444  0.006474  0.006502  
0.004183  -0.000444  0.006474  0.006502  
0.004216  -0.000444  0.006474  0.006502  
0.004248  -0.000444  0.006474  0.006502  
0.004280  -0.000444  0.006474  0.006502  
0.004313  -0.000444  0.006474  0.006502  
0.004346  -0.000444  0.006723  0.006502  
0.004379  -0.000444  0.006474  0.006502  
0.004412  -0.000444  0.006723  0.006502  
0.004446  -0.000444  0.006723  0.006502  
0.004480  -0.000444  0.006723  0.008049  
0.004513  -0.000444  0.006723  0.008049  
0.004547  -0.000444  0.006723  0.008049  
0.004582  -0.000444  0.006972  0.008049  
0.004615  -0.000444  0.006723  0.008049  
0.004650  -0.000444  0.006972  0.008049  
0.004685  -0.000444  0.006972  0.008049  
0.004720  -0.000444  0.006972  0.008049  
0.004755  -0.000444  0.006972  0.008049  
0.004790  -0.000444  0.006972  0.008049  
0.004826  -0.000444  0.007221  0.008423  
0.004860  -0.000444  0.006972  0.008423  
0.004897  -0.000444  0.007221  0.008423  
0.004933  -0.000444  0.007221  0.008423  
0.004969  -0.000444  0.007221  0.008423  
0.005005  -0.000444  0.007221  0.008423  
0.005041  -0.000444  0.007221  0.008423  
0.005078  -0.000444  0.007470  0.008423  
0.005114  -0.000444  0.007221  0.008423  
0.005152  -0.000444  0.007470  0.008423  
0.005189  -0.000444  0.007470  0.008585  
0.005227  -0.000444  0.007470  0.008585  
0.005264  -0.000444  0.007470  0.008585  
0.005301  -0.000444  0.007470  0.008585  
0.005339  -0.000444  0.007470  0.008585  
0.005377  -0.000444  0.007719  0.008585  
0.005416  -0.000444  0.007719  0.008585  
0.005454  -0.000444  0.007719  0.008585  
0.005493  -0.000444  0.007719  0.008585  
0.005532  -0.000444  0.007719  0.008585  
0.005570  -0.000444  0.007719  0.008989  
0.005609  -0.000444  0.006407  0.008989  
0.005649  -0.000444  0.009960  0.008989  
0.005688  -0.000444  0.007968  0.008989  
0.005727  -0.000444  0.007719  0.008989  
0.005767  -0.000444  0.007968  0.008989  
0.005808  -0.000444  0.008217  0.008989  
0.005848  -0.000444  0.007968  0.008989  
0.005888  -0.000444  0.007968  0.008989  
0.005929  -0.000444  0.008217  0.008989  
0.005970  -0.000444  0.008217  0.009181  
0.006010  -0.000444  0.007968  0.009181  
0.006051  -0.000444  0.008217  0.009181  
0.006093  -0.000444  0.008466  0.009181  
0.006134  -0.000444  0.008217  0.009181  
0.006175  -0.000444  0.008217  0.009181  
0.006218  -0.000444  0.008466  0.009181  
0.006260  -0.000444  0.008466  0.009181  
0.006302  -0.000444  0.008466  0.009181  
0.006345  -0.000444  0.008466  0.009181  
0.006387  -0.000444  0.008466  0.009614  
0.006430  -0.000444  0.008715  0.009614  
0.006473  -0.000444  0.008466  0.009614  
0.006516  -0.000444  0.008715  0.009614  
0.006560  -0.000444  0.008715  0.009614  
0.006604  -0.000444  0.008715  0.009614  
0.006648  -0.000444  0.008964  0.009614  
0.006692  -0.000444  0.008715  0.009614  
0.006737  -0.000444  0.008964  0.009614  
0.006780  -0.000444  0.008715  0.009614  
0.006825  -0.000444  0.008964  0.010062  
0.006870  -0.000444  0.008964  0.010062  
0.006916  -0.000444  0.009213  0.010062  
0.006961  -0.000444  0.008964  0.010062  
0.007007  -0.000444  0.009213  0.010062  
0.007053  -0.000444  0.009213  0.010062  
0.007099  -0.000444  0.009213  0.010062  
0.007145  -0.000444  0.009213  0.010062  
0.007191  -0.000444  0.009213  0.010062  
0.007238  -0.000444  0.009462  0.010062  
0.007285  -0.000444  0.009213  0.010072  
0.007332  -0.000444  0.009462  0.010072  
0.007379  -0.000444  0.009462  0.010072  
0.007426  -0.000444  0.009462  0.010072  
0.007475  -0.000444  0.009711  0.010072  
0.007522  -0.000444  0.009462  0.010072  
0.007571  -0.000444  0.009711  0.010072  
0.007619  -0.000444  0.009711  0.010072  
0.007668  -0.000444  0.009711  0.010072  
0.007717  -0.000444  0.009711  0.010072  
0.007766  -0.000444  0.009960  0.010549  
0.007816  -0.000444  0.009960  0.010549  
0.007865  -0.000444  0.009711  0.010549  
0.007914  -0.000444  0.009960  0.010549  
0.007966  -0.000444  0.010209  0.010549  
0.008015  -0.000444  0.009960  0.010549  
0.008066  -0.000444  0.010209  0.010549  
0.008116  -0.000444  0.009960  0.010549  
0.008167  -0.000444  0.010209  0.010549  
0.008218  -0.000444  0.010209  0.010549  
0.008271  -0.000444  0.010458  0.010813  
0.008322  -0.000444  0.010209  0.010813  
0.008374  -0.000444  0.010458  0.010813  
0.008426  -0.000444  0.010458  0.010813  
0.008478  -0.000444  0.010458  0.010813  
0.008531  -0.000444  0.010458  0.010813  
0.008584  -0.000444  0.010707  0.010813  
0.008638  -0.000444  0.010707  0.010813  
0.008690  -0.000444  0.010458  0.010813  
0.008744  -0.000444  0.010707  0.010813  
0.008798  -0.000444  0.010956  0.011091  
0.008852  -0.000444  0.010707  0.011091  
0.008907  -0.000444  0.010956  0.011091  
0.008962  -0.000444  0.010956  0.011091  
0.009016  -0.000444  0.010956  0.011091  
0.009071  -0.000444  0.010956  0.011091  
0.009126  -0.000444  0.010956  0.011091  
0.009182  -0.000444  0.011205  0.011091  
0.009238  -0.000444  0.011205  0.011091  
0.009294  -0.000444  0.011205  0.011091  
0.009350  -0.000444  0.011205  0.011383  
0.009407  -0.000444  0.011454  0.011383  
0.009463  -0.000444  0.011205  0.011383  
0.009521  -0.000444  0.011454  0.011383  
0.009578  -0.000444  0.011454  0.011383  
0.009636  -0.000444  0.011703  0.011383  
0.009694  -0.000444  0.011454  0.011383  
0.009752  -0.000444  0.011703  0.011383  
0.009811  -0.000444  0.011703  0.011383  
0.009869  -0.000444  0.011703  0.011383  
0.009928  -0.000444  0.011703  0.011688  
0.009986  -0.000444  0.011703  0.011688  
0.010046  -0.000444  0.011952  0.011688  
0.010106  -0.000444  0.011952  0.011688  
0.010165  -0.000444  0.011952  0.011688  
0.010226  -0.000444  0.012201  0.011688  
0.010286  -0.000444  0.011952  0.011688  
0.010347  -0.000444  0.012201  0.011688  
0.010408  -0.000444  0.012201  0.011688  
0.010469  -0.000444  0.012201  0.011688  
0.010530  -0.000444  0.012201  0.012006  
0.010592  -0.000444  0.012450  0.012006  
0.010655  -0.000444  0.012450  0.012006  
0.010717  -0.000444  0.012450  0.012006  
0.010779  -0.000444  0.012450  0.012006  
0.010843  -0.000444  0.012699  0.012006  
0.010905  -0.000444  0.012450  0.012006  
0.010968  -0.000444  0.012699  0.012006  
0.011033  -0.000444  0.012948  0.012006  
0.011097  -0.000444  0.012699  0.012006  
0.011160  -0.000444  0.012699  0.012338  
0.011225  -0.000444  0.010747  0.012338  
0.011290  -0.000444  0.016185  0.012338  
0.011354  -0.000444  0.012948  0.012338  
0.011420  -0.000444  0.013197  0.012338  
0.011486  -0.000444  0.013197  0.012338  
0.011552  -0.000444  0.013197  0.012338  
0.011618  -0.000444  0.013197  0.012338  
0.011684  -0.000444  0.013197  0.012338  
0.011752  -0.000444  0.013446  0.012338  
0.011818  -0.000444  0.013197  0.012455  
0.011885  -0.000444  0.013446  0.012455  
0.011953  -0.000444  0.013695  0.012455  
0.012021  -0.000444  0.013446  0.012455  
0.012089  -0.000444  0.013695  0.012455  
0.012157  -0.000444  0.013695  0.012455  
0.012226  -0.000444  0.013695  0.012455  
0.012294  -0.000444  0.013695  0.012455  
0.012364  -0.000444  0.013944  0.012455  
0.012434  -0.000444  0.013944  0.012455  
0.012504  -0.000444  0.013944  0.012812  
0.012573  -0.000444  0.013944  0.012812  
0.012644  -0.000444  0.014193  0.012812  
0.012715  -0.000444  0.011780  0.012812  
0.012786  -0.000444  0.017741  0.012812  
0.012857  -0.000444  0.014193  0.012812  
0.012928  -0.000444  0.014193  0.012812  
0.013000  -0.000444  0.014442  0.012812  
0.013073  -0.000444  0.014442  0.012812  
0.013145  -0.000444  0.014442  0.012812  
0.013218  -0.000444  0.014691  0.013181  
0.013290  -0.000444  0.014442  0.013181  
0.013364  -0.000444  0.014691  0.013181  
0.013437  -0.000444  0.014691  0.013181  
0.013512  -0.000444  0.014940  0.013181  
0.013585  -0.000444  0.014691  0.013181  
0.013660  -0.000444  0.014940  0.013181  
0.013735  -0.000444  0.014940  0.013181  
0.013811  -0.000444  0.015189  0.013181  
0.013886  -0.000444  0.014940  0.013181  
0.013961  -0.000444  0.015189  0.013562  
0.014037  -0.000444  0.015189  0.013562  
0.014115  -0.000444  0.015438  0.013562  
0.014191  -0.000444  0.015189  0.013562  
0.014268  -0.000444  0.015438  0.013562  
0.014345  -0.000444  0.015438  0.013562  
0.014422  -0.000444  0.012814  0.013562  
0.014501  -0.000444  0.019609  0.013562  
0.014579  -0.000444  0.015687  0.013562  
0.014657  -0.000444  0.015687  0.013562  
0.014736  -0.000444  0.015687  0.013728  
0.014816  -0.000444  0.015936  0.013728  
0.014895  -0.000444  0.015936  0.013728  
0.014975  -0.000444  0.015936  0.013728  
0.015055  -0.000444  0.015936  0.013728  
0.015134  -0.000444  0.015936  0.013728  
0.015215  -0.000444  0.016185  0.013728  
0.015296  -0.000444  0.016185  0.013728  
0.015378  -0.000444  0.016434  0.013728  
0.015459  -0.000444  0.016185  0.013728  
0.015541  -0.000444  0.016434  0.014133  
0.015624  -0.000444  0.016434  0.014133  
0.015706  -0.000444  0.016434  0.014133  
0.015789  -0.000444  0.016683  0.014133  
0.015873  -0.000444  0.016683  0.014133  
0.015956  -0.000444  0.016683  0.014133  
0.016039  -0.000444  0.016683  0.014133  
0.016124  -0.000444  0.016932  0.014133  
0.016209  -0.000444  0.016932  0.014133  
0.016293  -0.000889  0.016932  0.014133  
0.016378  -0.000889  0.016932  0.014133  
0.016464  -0.000889  0.017181  0.014133  
0.016550  -0.000889  0.017181  0.014133  
0.016636  -0.000889  0.017181  0.014133  
0.016722  -0.000889  0.017181  0.014133  
0.016809  -0.000889  0.017430  0.014133  
0.016896  -0.000889  0.017430  0.014133  
0.016983  -0.000889  0.017430  0.014133  
0.017072  -0.000889  0.017679  0.014133  
0.017160  -0.000889  0.017679  0.014133  
0.017248  -0.000889  0.017679  0.014522  
0.017337  -0.000889  0.017679  0.014522  
0.017426  -0.000889  0.017928  0.014522  
0.017515  -0.000889  0.017679  0.014522  
0.017606  -0.000889  0.018177  0.014522  
0.017695  -0.000889  0.017928  0.014522  
0.017786  -0.000889  0.018177  0.014522  
0.017876  -0.000889  0.017928  0.014522  
0.017968  -0.000889  0.018426  0.014522  
0.018059  -0.000889  0.018177  0.014522  
0.018151  -0.000889  0.018426  0.014959  
0.018243  -0.000889  0.018426  0.014959  
0.018335  -0.000889  0.018426  0.014959  
0.018429  -0.001333  0.018675  0.014959  
0.018522  -0.001333  0.018675  0.014959  
0.018615  -0.001333  0.018675  0.014959  
0.018709  -0.001333  0.018675  0.014959  
0.018803  -0.001333  0.018924  0.014959  
0.018898  -0.001333  0.018924  0.014959  
0.018993  -0.001333  0.018924  0.014959  
0.019087  -0.001333  0.018924  0.015181  
0.019183  -0.001333  0.019173  0.015181  
0.019279  -0.001333  0.019173  0.015181  
0.019376  -0.001333  0.019422  0.015181  
0.019472  -0.001333  0.019173  0.015181  
0.019569  -0.001333  0.019422  0.015181  
0.019666  -0.001333  0.019422  0.015181  
0.019764  -0.001333  0.019671  0.015181  
0.019863  -0.001333  0.019671  0.015181  
0.019961  -0.001333  0.019671  0.015181  
0.020060  -0.001333  0.019671  0.015412  
0.020159  -0.001333  0.019920  0.015412  
0.020257  -0.001333  0.019671  0.015412  
0.020358  -0.001333  0.020169  0.015412  
0.020458  -0.001333  0.019920  0.015412  
0.020559  -0.001333  0.020169  0.015412  
0.020660  -0.001333  0.020169  0.015412  
0.020760  -0.001333  0.020169  0.015412  
0.020863  -0.001333  0.020418  0.015412  
0.020965  -0.001333  0.020418  0.015412  
0.021067  -0.001333  0.020418  0.015654  
0.021169  -0.001333  0.020418  0.015654  
0.021272  -0.001333  0.020667  0.015654  
0.021375  -0.001333  0.020667  0.015654  
0.021479  -0.001333  0.020667  0.015654  
0.021583  -0.001333  0.020916  0.015654  
0.021688  -0.001333  0.020916  0.015654  
0.021793  -0.001333  0.020916  0.015654  
0.021898  -0.001333  0.021165  0.015654  
0.022003  -0.001333  0.020916  0.015654  
0.022110  -0.001333  0.021414  0.016131  
0.022216  -0.001333  0.021165  0.016131  
0.022323  -0.001333  0.021414  0.016131  
0.022430  -0.001333  0.021414  0.016131  
0.022537  -0.001333  0.021414  0.016131  
0.022645  -0.001333  0.021663  0.016131  
0.022752  -0.001333  0.021414  0.016131  
0.022862  -0.001333  0.021912  0.016131  
0.022970  -0.001333  0.021663  0.016131  
0.023080  -0.001333  0.021912  0.016131  
0.023189  -0.001333  0.021912  0.016165  
0.023299  -0.001333  0.021912  0.016165  
0.023410  -0.001333  0.022161  0.016165  
0.023521  -0.001333  0.022161  0.016165  
0.023631  -0.001333  0.022161  0.016165  
0.023743  -0.001333  0.022410  0.016165  
0.023856  -0.001333  0.022410  0.016165  
0.023968  -0.001333  0.022410  0.016165  
0.024081  -0.001333  0.022659  0.016165  
0.024193  -0.001333  0.022410  0.016165  
0.024307  -0.001333  0.022908  0.016661  
0.024421  -0.001333  0.022659  0.016661  
0.024535  -0.001333  0.022908  0.016661  
0.024650  -0.001333  0.022908  0.016661  
0.024764  -0.001333  0.022908  0.016661  
0.024880  -0.001333  0.023157  0.016661  
0.024996  -0.001333  0.023157  0.016661  
0.025112  -0.001333  0.023157  0.016661  
0.025229  -0.001333  0.023406  0.016661  
0.025346  -0.001333  0.023406  0.016661  
0.025463  -0.001333  0.023406  0.016712  
0.025580  -0.001333  0.023406  0.016712  
0.025698  -0.001333  0.023655  0.016712  
0.025816  -0.001333  0.023655  0.016712  
0.025936  -0.001333  0.023904  0.016712  
0.026055  -0.001333  0.023904  0.016712  
0.026175  -0.001333  0.023904  0.016712  
0.026294  -0.001333  0.023904  0.016712  
0.026415  -0.001333  0.024153  0.016712  
0.026536  -0.001333  0.024153  0.016712  
0.026657  -0.001333  0.024153  0.016998  
0.026779  -0.001333  0.024402  0.016998  
0.026901  -0.001333  0.024402  0.016998  
0.027023  -0.001333  0.024402  0.016998  
0.027146  -0.001333  0.024651  0.016998  
0.027269  -0.001333  0.024651  0.016998  
0.027393  -0.001333  0.024651  0.016998  
0.027517  -0.001333  0.024900  0.016998  
0.027642  -0.001333  0.020667  0.016998  
0.027766  -0.001333  0.031125  0.016998  
0.027892  -0.001333  0.025149  0.011628  
0.028018  -0.001333  0.025149  0.011628  
0.028143  -0.001333  0.025149  0.011628  
0.028270  -0.001333  0.025398  0.011628  
0.028396  -0.001333  0.025149  0.011628  
0.028524  -0.001333  0.025647  0.011628  
0.028651  -0.001333  0.025398  0.011628  
0.028780  -0.001333  0.025647  0.011628  
0.028908  -0.001333  0.025647  0.011628  
0.029037  -0.001333  0.025896  0.011628  
0.029167  -0.001333  0.025896  0.017367  
0.029296  -0.001333  0.025896  0.017367  
0.029426  -0.001333  0.025896  0.017367  
0.029556  -0.001333  0.026145  0.017367  
0.029687  -0.001333  0.026145  0.017367  
0.029819  -0.001333  0.026394  0.017367  
0.029951  -0.001333  0.026394  0.017367  
0.030083  -0.001333  0.026394  0.017367  
0.030215  -0.001333  0.026394  0.017367  
0.030348  -0.001333  0.026643  0.017367  
0.030481  -0.001333  0.026643  0.017676  
0.030616  -0.001333  0.026892  0.017676  
0.030750  -0.001333  0.026892  0.017676  
0.030885  -0.001333  0.026892  0.017676  
0.031019  -0.001333  0.026892  0.017676  
0.031155  -0.001333  0.027141  0.017676  
0.031291  -0.001333  0.027141  0.017676  
0.031426  -0.001333  0.027141  0.017676  
0.031563  -0.001333  0.027390  0.017676  
0.031700  -0.001333  0.027390  0.017676  
0.031838  -0.001333  0.027639  0.017992  
0.031975  -0.001333  0.027390  0.017992  
0.032114  -0.001333  0.027639  0.017992  
0.032253  -0.001333  0.027888  0.017992  
0.032391  -0.001333  0.027639  0.017992  
0.032531  -0.001333  0.027888  0.017992  
0.032671  -0.001333  0.028137  0.017992  
0.032811  -0.001333  0.027888  0.017992  
0.032952  -0.001333  0.028137  0.017992  
0.033092  -0.001333  0.028137  0.017992  
0.033234  -0.001333  0.028386  0.018314  
0.033376  -0.001333  0.023560  0.018314  
0.033518  -0.001333  0.035483  0.018314  
0.033661  -0.001333  0.028635  0.018314  
0.033803  -0.001333  0.028386  0.018314  
0.033948  -0.001333  0.028884  0.018314  
0.034091  -0.001333  0.028635  0.018314  
0.034235  -0.001333  0.028884  0.018314  
0.034380  -0.001333  0.028884  0.018314  
0.034524  -0.001333  0.028884  0.018314  
0.034670  -0.001333  0.029133  0.018643  
0.034815  -0.001333  0.029133  0.018643  
0.034961  -0.001333  0.029133  0.018643  
0.035108  -0.001333  0.029382  0.018643  
0.035255  -0.001333  0.029382  0.018643  
0.035402  -0.001333  0.029382  0.018643  
0.035550  -0.001333  0.029631  0.018643  
0.035698  -0.001333  0.029631  0.018643  
0.035846  -0.001333  0.029631  0.018643  
0.035996  -0.001333  0.029880  0.018643  
0.036145  -0.001333  0.029880  0.018751  
0.036294  -0.001333  0.029880  0.018751  
0.036444  -0.001333  0.029880  0.018751  
0.036594  -0.001333  0.030129  0.018751  
0.036745  -0.001333  0.030129  0.018751  
0.036897  -0.001333  0.030378  0.018751  
0.037049  -0.001333  0.030378  0.018751  
0.037201  -0.001333  0.030378  0.018751  
0.037354  -0.001333  0.030627  0.018751  
0.037507  -0.001333  0.030627  0.018751  
0.037660  -0.001333  0.030627  0.019092  
0.037815  -0.001333  0.030876  0.019092  
0.037969  -0.001333  0.030876  0.019092  
0.038123  -0.001333  0.030876  0.019092  
0.038279  -0.001333  0.031125  0.019092  
0.038435  -0.001333  0.031125  0.019092  
0.038591  -0.001333  0.031374  0.019092  
0.038748  -0.001333  0.031374  0.019092  
0.038905  -0.001333  0.031374  0.019092  
0.039062  -0.001333  0.031374  0.019092  
0.039220  -0.001333  0.031623  0.019437  
0.039379  -0.001333  0.031872  0.019437  
0.039538  -0.001333  0.031623  0.019437  
0.039697  -0.001333  0.031872  0.019437  
0.039858  -0.001333  0.032121  0.019437  
0.040018  -0.001333  0.032121  0.019437  
0.040179  -0.001333  0.032121  0.019437  
0.040339  -0.001333  0.032121  0.019437  
0.040501  -0.001333  0.032370  0.019437  
0.040663  -0.001333  0.032370  0.019437  
0.040826  -0.001333  0.032619  0.019561  
0.040989  -0.001333  0.032619  0.019561  
0.041152  -0.001333  0.032619  0.019561  
0.041317  -0.001333  0.032868  0.019561  
0.041481  -0.001333  0.032868  0.019561  
0.041647  -0.001333  0.033117  0.019561  
0.041811  -0.001333  0.032868  0.019561  
0.041978  -0.001333  0.033366  0.019561  
0.042143  -0.001333  0.033117  0.019561  
0.042310  -0.001333  0.033366  0.019561  
0.042477  -0.001333  0.033366  0.019689  
0.042645  -0.001333  0.033615  0.019689  
0.042813  -0.001333  0.033615  0.019689  
0.042983  -0.001333  0.033864  0.019689  
0.043152  -0.001333  0.033864  0.019689  
0.043321  -0.001333  0.033864  0.019689  
0.043490  -0.001333  0.033864  0.019689  
0.043661  -0.001333  0.034113  0.019689  
0.043833  -0.001333  0.034362  0.019689  
0.044005  -0.001333  0.034362  0.019689  
0.044176  -0.001333  0.034362  0.019821  
0.044348  -0.001333  0.034362  0.019821  
0.044521  -0.001333  0.034611  0.019821  
0.044694  -0.001333  0.034611  0.019821  
0.044869  -0.001333  0.034860  0.019821  
0.045043  -0.001333  0.034860  0.019821  
0.045217  -0.001333  0.034860  0.019821  
0.045393  -0.001333  0.035109  0.019821  
0.045568  -0.001333  0.035109  0.019821  
0.045745  -0.001333  0.035358  0.019821  
0.045922  -0.001333  0.035358  0.019957  
0.046099  -0.001333  0.035358  0.019957  
0.046277  -0.001333  0.035607  0.019957  
0.046455  -0.001333  0.035607  0.019957  
0.046634  -0.001333  0.035856  0.019957  
0.046813  -0.001333  0.035856  0.019957  
0.046993  -0.001333  0.035856  0.019957  
0.047172  -0.001333  0.035856  0.019957  
0.047354  -0.001333  0.036354  0.019957  
0.047534  -0.001333  0.036105  0.019957  
0.047716  -0.001333  0.036354  0.020322  
0.047898  -0.001333  0.036354  0.020322  
0.048081  -0.001333  0.036603  0.020322  
0.048264  -0.001333  0.036603  0.020322  
0.048447  -0.001333  0.036603  0.020322  
0.048631  -0.001333  0.036852  0.020322  
0.048815  -0.001333  0.036852  0.020322  
0.049001  -0.001333  0.037101  0.020322  
0.049186  -0.000889  0.037101  0.020322  
0.049372  -0.000889  0.037101  0.020322  
0.049559  -0.000889  0.037350  0.020463  
0.049745  -0.000889  0.037350  0.020463  
0.049932  -0.000889  0.037350  0.020463  
0.050120  -0.000889  0.037599  0.020463  
0.050309  -0.000889  0.037848  0.020463  
0.050497  -0.000889  0.037599  0.020463  
0.050688  -0.000889  0.038097  0.020463  
0.050877  -0.000889  0.037848  0.020463  
0.051068  -0.000889  0.038097  0.020463  
0.051258  -0.000889  0.038097  0.020463  
0.051450  -0.000889  0.038346  0.020607  
0.051642  -0.000889  0.038346  0.020607  
0.051873  -0.000889  0.038441  0.020607  
0.052027  -0.000889  0.038595  0.020607  
0.052220  -0.000889  0.038595  0.020607  
0.052413  -0.000889  0.038595  0.020607  
0.052609  -0.000889  0.039093  0.020607  
0.052803  -0.000889  0.038844  0.020607  
0.052999  -0.000889  0.039093  0.020607  
0.053194  -0.000889  0.039093  0.020607  
0.053391  -0.000889  0.039342  0.020752  
0.053587  -0.000889  0.039342  0.020752  
0.053785  -0.000889  0.039591  0.020752  
0.053982  -0.000889  0.039342  0.020752  
0.054181  -0.000889  0.039840  0.020752  
0.054379  -0.000889  0.039591  0.020752  
0.054580  -0.000889  0.040089  0.020752  
0.054779  -0.000889  0.039840  0.020752  
0.054979  -0.000889  0.040089  0.020752  
0.055180  -0.000889  0.040089  0.020752  
0.055382  -0.000889  0.040338  0.020899  
0.055583  -0.000889  0.040338  0.020899  
0.055786  -0.000889  0.040587  0.020899  
0.055989  -0.000889  0.040587  0.020899  
0.056192  -0.000889  0.040587  0.020899  
0.056396  -0.000889  0.033894  0.020899  
0.056600  -0.000889  0.051045  0.020899  
0.056805  -0.000889  0.040836  0.020899  
0.057010  -0.000889  0.041085  0.020899  
0.057217  -0.000889  0.041334  0.020899  
0.057422  -0.000889  0.041085  0.020820  
0.057630  -0.000889  0.041583  0.020820  
0.057837  -0.000889  0.041334  0.020820  
0.058045  -0.000889  0.041583  0.020820  
0.058254  -0.000889  0.041832  0.020820  
0.058463  -0.000889  0.041832  0.020820  
0.058672  -0.000889  0.041832  0.020820  
0.058881  -0.000889  0.041832  0.020820  
0.059092  -0.000889  0.042081  0.020820  
0.059303  -0.000889  0.042330  0.020820  
0.059515  -0.000889  0.042330  0.020968  
0.059727  -0.000889  0.042330  0.020968  
0.059939  -0.000889  0.042579  0.020968  
0.060152  -0.000889  0.042579  0.020968  
0.060365  -0.000889  0.042579  0.020968  
0.060579  -0.000889  0.042828  0.020968  
0.060795  -0.000889  0.043077  0.020968  
0.061010  -0.000889  0.035754  0.020968  
0.061226  -0.000889  0.053846  0.020968  
0.061441  -0.000889  0.043077  0.020968  
0.061658  -0.000889  0.043326  0.021343  
0.061875  -0.000889  0.043575  0.021343  
0.062093  -0.000889  0.043575  0.021343  
0.062311  -0.000889  0.043575  0.021343  
0.062530  -0.000889  0.043824  0.021343  
0.062749  -0.000889  0.043824  0.021343  
0.062969  -0.000889  0.043824  0.021343  
0.063189  -0.000889  0.044073  0.021343  
0.063409  -0.000889  0.044073  0.021343  
0.063631  -0.000889  0.044322  0.021343  
0.063853  -0.000889  0.044322  0.021265  
0.064075  -0.000889  0.044571  0.021265  
0.064298  -0.000889  0.044571  0.021265  
0.064521  -0.000889  0.044571  0.021265  
0.064745  -0.000889  0.044820  0.021265  
0.064969  -0.000889  0.044820  0.021265  
0.065195  -0.000889  0.045069  0.021265  
0.065420  -0.000889  0.045069  0.021265  
0.065647  -0.000889  0.045318  0.021265  
0.065873  -0.000889  0.045318  0.021265  
0.066100  -0.000889  0.045318  0.021413  
0.066328  -0.000889  0.045567  0.021413  
0.066555  -0.000889  0.045567  0.021413  
0.066785  -0.000889  0.045816  0.021413  
0.067014  -0.000889  0.045816  0.021413  
0.067243  -0.000889  0.045816  0.021413  
0.067473  -0.000889  0.046065  0.021413  
0.067703  -0.000889  0.046065  0.021413  
0.067935  -0.000889  0.046314  0.021413  
0.068166  -0.000889  0.046314  0.021413  
0.068399  -0.000889  0.046563  0.021559  
0.068632  -0.000889  0.046563  0.021559  
0.068865  -0.000889  0.046563  0.021559  
0.069099  -0.000889  0.046812  0.021559  
0.069333  -0.000889  0.046812  0.021559  
0.069568  -0.000889  0.047061  0.021559  
0.069804  -0.000889  0.047061  0.021559  
0.070039  -0.000889  0.047061  0.021559  
0.070276  -0.000889  0.047310  0.021559  
0.070513  -0.000889  0.047559  0.021559  
0.070751  -0.000889  0.047559  0.021477  
0.070989  -0.000889  0.039474  0.021477  
0.071227  -0.000889  0.059449  0.021477  
0.071466  -0.000889  0.047808  0.021477  
0.071706  -0.000889  0.048057  0.021477  
0.071946  -0.000889  0.048057  0.021477  
0.072187  -0.000889  0.048057  0.021477  
0.072428  -0.000889  0.048306  0.021477  
0.072670  -0.000889  0.048306  0.021477  
0.072912  -0.000889  0.048555  0.021477  
0.073155  -0.000889  0.048555  0.021620  
0.073398  -0.000889  0.048555  0.021620  
0.073642  -0.000889  0.048804  0.021620  
0.073886  -0.000889  0.048804  0.021620  
0.074131  -0.000889  0.049053  0.021620  
0.074377  -0.000889  0.049053  0.021620  
0.074623  -0.000889  0.049302  0.021620  
0.074870  -0.000889  0.049302  0.021620  
0.075116  -0.000889  0.049302  0.021620  
0.075364  -0.000889  0.049551  0.021620  
0.075613  -0.000889  0.049800  0.021760  
0.075861  -0.000889  0.049551  0.021760  
0.076110  -0.000889  0.049800  0.021760  
0.076360  -0.000889  0.050049  0.021760  
0.076660  -0.000889  0.049808  0.021760  
0.076860  -0.000889  0.050111  0.021760  
0.077112  -0.000889  0.050298  0.021760  
0.077365  -0.000889  0.050547  0.021760  
0.077616  -0.000889  0.050298  0.021760  
0.077870  -0.000889  0.050796  0.021760  
0.078123  -0.000889  0.050547  0.021670  
0.078377  -0.000889  0.050796  0.021670  
0.078632  -0.000889  0.051045  0.021670  
0.078887  -0.000889  0.051045  0.021670  
0.079142  -0.000889  0.051045  0.021670  
0.079399  -0.000889  0.051294  0.021670  
0.079655  -0.000889  0.051294  0.021670  
0.079913  -0.000889  0.051543  0.021670  
0.080171  -0.000889  0.051543  0.021670  
0.080429  -0.000889  0.051543  0.021670  
0.080687  -0.000889  0.051792  0.022031  
0.080946  -0.000889  0.051792  0.022031  
0.081207  -0.000889  0.052041  0.022031  
0.081467  -0.000889  0.052041  0.022031  
0.081728  -0.000889  0.052290  0.022031  
0.081990  -0.000889  0.052290  0.022031  
0.082252  -0.000889  0.052539  0.022031  
0.082515  -0.000889  0.043608  0.022031  
0.082778  -0.000889  0.065674  0.022031  
0.083042  -0.000889  0.052788  0.022031  
0.083306  -0.000889  0.052788  0.021934  
0.083571  -0.000889  0.053037  0.021934  
0.083836  -0.000889  0.053037  0.021934  
0.084101  -0.000889  0.053037  0.021934  
0.084368  -0.000889  0.053286  0.021934  
0.084635  -0.000889  0.053535  0.021934  
0.084903  -0.000889  0.053535  0.021934  
0.085171  -0.000889  0.053535  0.021934  
0.085440  -0.000889  0.053784  0.021934  
0.085709  -0.000889  0.053784  0.021934  
0.085978  -0.000889  0.053784  0.022060  
0.086248  -0.000889  0.054033  0.022060  
0.086519  -0.000889  0.054282  0.022060  
0.086791  -0.000889  0.054282  0.022060  
0.087062  -0.000889  0.054282  0.022060  
0.087335  -0.000889  0.054531  0.022060  
0.087607  -0.000889  0.054531  0.022060  
0.087881  -0.000889  0.054780  0.022060  
0.088155  -0.000889  0.054780  0.022060  
0.088429  -0.000889  0.054780  0.022060  
0.088704  -0.000889  0.055029  0.022181  
0.088980  -0.000889  0.055278  0.022181  
0.089256  -0.000889  0.055029  0.022181  
0.089533  -0.000889  0.055527  0.022181  
0.089810  -0.000889  0.055278  0.022181  
0.090087  -0.000889  0.055527  0.022181  
0.090366  -0.000889  0.055776  0.022181  
0.090645  -0.000889  0.055776  0.022181  
0.090924  -0.000889  0.055776  0.022181  
0.091204  -0.000889  0.056025  0.022181  
0.091485  -0.000889  0.056274  0.022070  
0.091766  -0.000889  0.056025  0.022070  
0.092048  -0.000889  0.056523  0.022070  
0.092330  -0.000889  0.056274  0.022070  
0.092612  -0.000889  0.056523  0.022070  
0.092896  -0.000889  0.056772  0.022070  
0.093180  -0.000889  0.056772  0.022070  
0.093464  -0.000889  0.056772  0.022070  
0.093749  -0.000889  0.057021  0.022070  
0.094034  -0.000889  0.057021  0.022070  
0.094320  -0.000889  0.057270  0.022180  
0.094607  -0.000889  0.047534  0.022180  
0.094894  -0.000889  0.071899  0.022180  
0.095182  -0.000889  0.057519  0.022180  
0.095469  -0.000889  0.057519  0.022180  
0.095758  -0.000889  0.057768  0.022180  
0.096047  -0.000889  0.057768  0.022180  
0.096337  -0.000889  0.058017  0.022180  
0.096627  -0.000889  0.058017  0.022180  
0.096919  -0.000889  0.058266  0.022180  
0.097210  -0.000889  0.058266  0.022057  
0.097503  -0.000889  0.058515  0.022057  
0.097795  -0.000889  0.058515  0.022057  
0.098088  -0.000889  0.058515  0.022057  
0.098381  -0.000889  0.058764  0.022057  
0.098677  -0.000889  0.059013  0.022057  
0.098970  -0.000889  0.058764  0.022057  
0.099267  -0.000889  0.059262  0.022057  
0.099562  -0.000889  0.059013  0.022057  
0.099858  -0.000889  0.059262  0.022057  
0.100156  -0.000889  0.059511  0.022155  
0.100453  -0.000889  0.059511  0.022155  
0.100751  -0.000889  0.059511  0.022155  
0.101050  -0.000889  0.049601  0.022155  
0.101350  -0.000889  0.075012  0.022155  
0.101648  -0.000889  0.059760  0.022155  
0.101948  -0.000889  0.060009  0.022155  
0.102250  -0.000889  0.060258  0.022155  
0.102551  -0.000889  0.060258  0.022155  
0.102854  -0.000889  0.060507  0.022155  
0.103156  -0.001333  0.060507  0.022019  
0.103459  -0.001333  0.060507  0.022019  
0.103762  -0.001333  0.060756  0.022019  
0.104066  -0.001333  0.060756  0.022019  
0.104371  -0.001333  0.061005  0.022019  
0.104676  -0.001333  0.061005  0.022019  
0.104983  -0.001333  0.061254  0.022019  
0.105289  -0.001333  0.061254  0.022019  
0.105596  -0.001333  0.061503  0.022019  
0.105904  -0.001333  0.061503  0.022019  
0.106211  -0.001333  0.061503  0.022101  
0.106520  -0.001333  0.061752  0.022101  
0.106829  -0.001333  0.061752  0.022101  
0.107139  -0.001333  0.062001  0.022101  
0.107449  -0.001333  0.062001  0.022101  
0.107760  -0.001333  0.062250  0.022101  
0.108071  -0.001333  0.062250  0.022101  
0.108383  -0.001333  0.062250  0.022101  
0.108695  -0.001333  0.062499  0.022101  
0.109009  -0.001333  0.062748  0.022101  
0.109323  -0.001333  0.062748  0.021950  
0.109636  -0.001333  0.062748  0.021950  
0.109951  -0.001333  0.062997  0.021950  
0.110266  -0.001333  0.062997  0.021950  
0.110583  -0.001333  0.063246  0.021950  
0.110899  -0.001333  0.063246  0.021950  
0.111215  -0.001333  0.063246  0.021950  
0.111532  -0.001333  0.063495  0.021950  
0.111851  -0.001333  0.063744  0.021950  
0.112170  -0.001333  0.063744  0.021950  
0.112489  -0.001333  0.063744  0.022017  
0.112809  -0.001333  0.063993  0.022017  
0.113129  -0.001333  0.063993  0.022017  
0.113449  -0.001333  0.063993  0.022017  
0.113770  -0.001333  0.064242  0.022017  
0.114092  -0.001333  0.064491  0.022017  
0.114415  -0.001333  0.064491  0.022017  
0.114737  -0.001777  0.064491  0.022017  
0.115061  -0.001777  0.064740  0.022017  
0.115386  -0.001777  0.064989  0.022017  
0.115709  -0.001777  0.064740  0.021848  
0.116034  -0.001777  0.064989  0.021848  
0.116361  -0.001777  0.065238  0.021848  
0.116687  -0.001777  0.065238  0.021848  
0.117014  -0.001777  0.065487  0.021848  
0.117342  -0.001777  0.065487  0.021848  
0.117669  -0.001777  0.065487  0.021848  
0.117998  -0.001777  0.065736  0.021848  
0.118326  -0.001777  0.065736  0.021848  
0.118656  -0.001777  0.065985  0.021848  
0.118986  -0.001777  0.065985  0.021896  
0.119317  -0.001777  0.066234  0.021896  
0.119649  -0.001777  0.066234  0.021896  
0.119980  -0.001777  0.066234  0.021896  
0.120312  -0.001777  0.066483  0.021896  
0.120646  -0.001777  0.066732  0.021896  
0.120978  -0.001777  0.066483  0.021896  
0.121313  -0.001777  0.066981  0.021896  
0.121647  -0.001777  0.066732  0.021896  
0.121982  -0.001777  0.066981  0.021896  
0.122318  -0.001777  0.067230  0.021935  
0.122654  -0.001777  0.067230  0.021935  
0.122991  -0.001777  0.067479  0.021935  
0.123329  -0.001777  0.067479  0.021935  
0.123666  -0.001777  0.067479  0.021935  
0.124005  -0.001777  0.067728  0.021935  
0.124344  -0.001777  0.067728  0.021935  
0.124683  -0.001777  0.067977  0.021935  
0.125023  -0.001777  0.067977  0.021935  
0.125363  -0.001777  0.067977  0.021935  
0.125704  -0.001777  0.068226  0.021964  
0.126047  -0.001777  0.068475  0.021964  
0.126389  -0.001777  0.068475  0.021964  
0.126731  -0.001777  0.068475  0.021964  
0.127075  -0.001777  0.068724  0.021964  
0.127419  -0.001777  0.068724  0.021964  
0.127764  -0.001777  0.068973  0.021964  
0.128108  -0.001777  0.068973  0.021964  
0.128453  -0.001777  0.068973  0.021964  
0.128799  -0.001777  0.069222  0.021964  
0.129147  -0.001777  0.069471  0.021756  
0.129494  -0.001777  0.057661  0.021756  
0.129842  -0.001777  0.086839  0.021756  
0.130190  -0.001777  0.069720  0.021756  
0.130539  -0.001777  0.069720  0.021756  
0.130887  -0.001777  0.069720  0.021756  
0.131237  -0.001777  0.069969  0.021756  
0.131588  -0.001777  0.070218  0.021756  
0.131939  -0.001777  0.070218  0.021756  
0.132290  -0.001777  0.070218  0.021756  
0.132643  -0.001777  0.070467  0.021763  
0.132995  -0.001777  0.070467  0.021763  
0.133349  -0.001777  0.070716  0.021763  
0.133702  -0.001777  0.070716  0.021763  
0.134057  -0.001777  0.070965  0.021763  
0.134412  -0.001777  0.070965  0.021763  
0.134767  -0.001777  0.070965  0.021763  
0.135123  -0.001777  0.071214  0.021763  
0.135479  -0.001777  0.071214  0.021763  
0.135836  -0.001777  0.071463  0.021763  
0.136194  -0.001777  0.071463  0.021532  
0.136552  -0.001777  0.071712  0.021532  
0.136911  -0.001777  0.071712  0.021532  
0.137270  -0.001777  0.071961  0.021532  
0.137630  -0.001777  0.071961  0.021532  
0.137990  -0.001777  0.071961  0.021532  
0.138351  -0.001777  0.072210  0.021532  
0.138712  -0.001777  0.072210  0.021532  
0.139074  -0.001777  0.072459  0.021532  
0.139437  -0.001777  0.072459  0.021532  
0.139800  -0.001777  0.072708  0.021516  
0.140164  -0.001777  0.072708  0.021516  
0.140527  -0.001777  0.072708  0.021516  
0.140892  -0.001777  0.072957  0.021516  
0.141258  -0.001777  0.073206  0.021516  
0.141623  -0.001777  0.072957  0.021516  
0.141990  -0.001777  0.073455  0.021516  
0.142356  -0.001777  0.073206  0.021516  
0.142724  -0.001777  0.073455  0.021516  
0.143092  -0.001777  0.073704  0.021516  
0.143461  -0.001777  0.073704  0.021262  
0.143829  -0.001777  0.073704  0.021262  
0.144199  -0.001777  0.073953  0.021262  
0.144570  -0.001777  0.074202  0.021262  
0.144940  -0.001777  0.073953  0.021262  
0.145312  -0.001777  0.074451  0.021262  
0.145683  -0.001777  0.061588  0.021262  
0.146055  -0.001777  0.093064  0.021262  
0.146429  -0.001777  0.074700  0.021262  
0.146802  -0.001777  0.074700  0.021262  
0.147176  -0.001777  0.074700  0.021221  
0.147550  -0.001777  0.074949  0.021221  
0.147925  -0.001777  0.074949  0.021221  
0.148301  -0.001777  0.075198  0.021221  
0.148677  -0.001777  0.075198  0.021221  
0.149054  -0.001777  0.075447  0.021221  
0.149432  -0.001777  0.075447  0.021221  
0.149809  -0.001777  0.075447  0.021221  
0.150187  -0.001777  0.075696  0.021221  
0.150566  -0.001777  0.075696  0.021221  
0.150946  -0.001777  0.075945  0.021167  
0.151325  -0.001777  0.075945  0.021167  
0.151706  -0.001777  0.076194  0.021167  
0.152087  -0.001777  0.076194  0.021167  
0.152468  -0.001777  0.076194  0.021167  
0.152850  -0.001777  0.076443  0.021167  
0.153233  -0.001777  0.076443  0.021167  
0.153616  -0.001777  0.076692  0.021167  
0.154000  -0.001777  0.063655  0.021167  
0.154384  -0.001777  0.096177  0.021167  
0.154769  -0.001777  0.076941  0.021167  
0.155155  -0.001777  0.077190  0.021167  
0.155541  -0.001777  0.077190  0.021167  
0.155927  -0.001777  0.077190  0.021167  
0.156314  -0.001777  0.077439  0.021167  
0.156701  -0.001777  0.077439  0.021167  
0.157090  -0.001777  0.077688  0.021167  
0.157478  -0.001777  0.077688  0.021167  
0.157867  -0.001777  0.077688  0.021167  
0.158256  -0.001777  0.077937  0.021167  
0.158647  -0.001777  0.078186  0.020791  
0.159037  -0.001777  0.077937  0.020791  
0.159429  -0.001777  0.078435  0.020791  
0.159820  -0.001777  0.078186  0.020791  
0.160212  -0.001777  0.078435  0.020791  
0.160606  -0.001777  0.078684  0.020791  
0.160999  -0.001777  0.078684  0.020791  
0.161392  -0.001777  0.078684  0.020791  
0.161787  -0.001777  0.078933  0.020791  
0.162182  -0.001777  0.078933  0.020791  
0.162578  -0.001777  0.079182  0.020696  
0.162974  -0.001777  0.079182  0.020696  
0.163369  -0.001777  0.079182  0.020696  
0.163767  -0.001777  0.079431  0.020696  
0.164165  -0.001777  0.079680  0.020696  
0.164563  -0.001777  0.079680  0.020696  
0.164962  -0.001777  0.079680  0.020696  
0.165360  -0.001777  0.079680  0.020696  
0.165760  -0.001777  0.079929  0.020696  
0.166161  -0.001777  0.080178  0.020696  
0.166562  -0.001777  0.080178  0.020359  
0.166963  -0.001777  0.080178  0.020359  
0.167365  -0.001777  0.080427  0.020359  
0.167767  -0.001777  0.080427  0.020359  
0.168170  -0.001777  0.080676  0.020359  
0.168574  -0.001777  0.080676  0.020359  
0.168977  -0.001777  0.080676  0.020359  
0.169382  -0.001777  0.080925  0.020359  
0.169787  -0.001777  0.081174  0.020359  
0.170192  -0.001777  0.080925  0.020359  
0.170598  -0.001777  0.081174  0.020460  
0.171005  -0.001777  0.067581  0.020460  
0.171412  -0.001777  0.101779  0.020460  
0.171819  -0.001777  0.081423  0.020460  
0.172228  -0.001777  0.081672  0.020460  
0.172637  -0.001777  0.081921  0.020460  
0.173046  -0.001777  0.081672  0.020460  
0.173455  -0.001777  0.081921  0.020460  
0.173866  -0.001777  0.082170  0.020460  
0.174277  -0.001777  0.082170  0.020460  
0.174688  -0.001777  0.082170  0.020092  
0.175100  -0.001777  0.082419  0.020092  
0.175512  -0.001777  0.082419  0.020092  
0.175925  -0.001777  0.082668  0.020092  
0.176339  -0.001777  0.082668  0.020092  
0.176753  -0.001777  0.082917  0.020092  
0.177168  -0.001777  0.082917  0.020092  
0.177582  -0.001777  0.082917  0.020092  
0.177998  -0.001777  0.083166  0.020092  
0.178414  -0.001777  0.083166  0.020092  
0.178830  -0.001777  0.083166  0.019935  
0.179247  -0.001777  0.083415  0.019935  
0.179665  -0.001777  0.083664  0.019935  
0.180084  -0.001777  0.083664  0.019935  
0.180502  -0.001777  0.083664  0.019935  
0.180920  -0.001777  0.083664  0.019935  
0.181340  -0.001777  0.083913  0.019935  
0.181761  -0.001777  0.084162  0.019935  
0.182181  -0.001777  0.084162  0.019935  
0.182602  -0.001777  0.084162  0.019935  
0.183024  -0.001777  0.084411  0.019763  
0.183446  -0.001777  0.084411  0.019763  
0.183870  -0.001777  0.084660  0.019763  
0.184293  -0.001777  0.084660  0.019763  
0.184716  -0.001777  0.084660  0.019763  
0.185141  -0.001777  0.084909  0.019763  
0.185565  -0.001777  0.084909  0.019763  
0.185990  -0.001777  0.084909  0.019763  
0.186416  -0.001777  0.085158  0.019763  
0.186843  -0.001777  0.085407  0.019763  
0.187270  -0.001777  0.085407  0.019347  
0.187697  -0.001777  0.085407  0.019347  
0.188125  -0.001777  0.085656  0.019347  
0.188553  -0.001777  0.085656  0.019347  
0.188982  -0.001777  0.085656  0.019347  
0.189411  -0.001777  0.085905  0.019347  
0.189841  -0.001777  0.085905  0.019347  
0.190272  -0.001777  0.086154  0.019347  
0.190702  -0.001777  0.086154  0.019347  
0.191134  -0.001777  0.086403  0.019347  
0.191566  -0.001777  0.086403  0.019140  
0.191998  -0.001777  0.086403  0.019140  
0.192432  -0.001777  0.086652  0.019140  
0.192865  -0.001777  0.086652  0.019140  
0.193298  -0.001777  0.086652  0.019140  
0.193733  -0.001777  0.086901  0.019140  
0.194167  -0.001777  0.086901  0.019140  
0.194603  -0.001777  0.087150  0.019140  
0.195039  -0.001777  0.087150  0.019140  
0.195476  -0.001777  0.087399  0.019140  
0.195913  -0.001777  0.087399  0.018917  
0.196350  -0.001777  0.087399  0.018917  
0.196788  -0.001777  0.087648  0.018917  
0.197226  -0.001777  0.087648  0.018917  
0.197666  -0.001777  0.087897  0.018917  
0.198105  -0.001777  0.087897  0.018917  
0.198545  -0.001777  0.087897  0.018917  
0.198985  -0.001777  0.088146  0.018917  
0.199426  -0.001777  0.088146  0.018917  
0.199867  -0.001777  0.088146  0.018917  
0.200309  -0.001777  0.088395  0.018902  
0.200752  -0.001777  0.088644  0.018902  
0.201194  -0.001777  0.088395  0.018902  
0.201638  -0.001777  0.088893  0.018902  
0.202082  -0.001777  0.088644  0.018902  
0.202526  -0.001777  0.088893  0.018902  
0.202971  -0.001333  0.088893  0.018902  
0.203416  -0.001333  0.089142  0.018902  
0.203862  -0.001333  0.089142  0.018902  
0.204309  -0.001333  0.089391  0.018902  
0.204756  -0.001333  0.089391  0.018417  
0.205203  -0.001333  0.089391  0.018417  
0.205651  -0.001333  0.089640  0.018417  
0.206099  -0.001333  0.089640  0.018417  
0.206547  -0.001333  0.089640  0.018417  
0.206997  -0.001333  0.089889  0.018417  
0.207446  -0.001333  0.089889  0.018417  
0.207897  -0.001333  0.090138  0.018417  
0.208348  -0.001333  0.090138  0.018417  
0.208798  -0.001333  0.090138  0.018417  
0.209250  -0.001333  0.090387  0.018367  
0.209702  -0.001333  0.090387  0.018367  
0.210156  -0.001333  0.090636  0.018367  
0.210609  -0.001333  0.090636  0.018367  
0.211062  -0.001333  0.090636  0.018367  
0.211516  -0.001333  0.090885  0.018367  
0.211971  -0.001333  0.090885  0.018367  
0.212425  -0.001333  0.090885  0.018367  
0.212881  -0.001333  0.091134  0.018367  
0.213338  -0.001333  0.091383  0.018367  
0.213793  -0.001333  0.091134  0.017844  
0.214250  -0.001333  0.091383  0.017844  
0.214708  -0.001333  0.091632  0.017844  
0.215165  -0.001333  0.091383  0.017844  
0.215625  -0.001333  0.091881  0.017844  
0.216083  -0.001333  0.091632  0.017844  
0.216542  -0.001333  0.091881  0.017844  
0.217002  -0.001333  0.091881  0.017844  
0.217462  -0.001333  0.092130  0.017844  
0.217923  -0.001333  0.092130  0.017844  
0.218385  -0.001333  0.092379  0.017757  
0.218846  -0.001333  0.092130  0.017757  
0.219309  -0.001333  0.092628  0.017757  
0.219771  -0.001333  0.092379  0.017757  
0.220234  -0.001333  0.092628  0.017757  
0.220697  -0.001333  0.092628  0.017757  
0.221161  -0.001333  0.092877  0.017757  
0.221626  -0.001333  0.092877  0.017757  
0.222091  -0.001333  0.093126  0.017757  
0.222557  -0.001333  0.093126  0.017757  
0.223023  -0.001333  0.093126  0.017424  
0.223488  -0.001333  0.093126  0.017424  
0.223955  -0.001333  0.093375  0.017424  
0.224423  -0.001333  0.093624  0.017424  
0.224890  -0.001333  0.093375  0.017424  
0.225358  -0.001333  0.093624  0.017424  
0.225828  -0.001333  0.093873  0.017424  
0.226297  -0.001333  0.093873  0.017424  
0.226766  -0.001333  0.093873  0.017424  
0.227236  -0.001333  0.093873  0.017424  
0.227706  -0.001333  0.094122  0.017298  
0.228178  -0.001333  0.094371  0.017298  
0.228649  -0.001333  0.094122  0.017298  
0.229121  -0.001333  0.094371  0.017298  
0.229594  -0.001333  0.078535  0.017298  
0.230067  -0.001333  0.118275  0.017298  
0.230540  -0.001333  0.094620  0.017298  
0.231013  -0.001333  0.094620  0.017298  
0.231487  -0.001333  0.094869  0.017298  
0.231962  -0.001333  0.094869  0.017298  
0.232437  -0.001333  0.095118  0.016926  
0.232913  -0.001333  0.095118  0.016926  
0.233389  -0.001333  0.095118  0.016926  
0.233865  -0.001333  0.095367  0.016926  
0.234342  -0.001333  0.095367  0.016926  
0.234819  -0.001333  0.095367  0.016926  
0.235297  -0.001333  0.095616  0.016926  
0.235775  -0.001333  0.095616  0.016926  
0.236255  -0.001333  0.095865  0.016926  
0.236733  -0.001333  0.095616  0.016926  
0.237213  -0.001333  0.096114  0.016761  
0.237693  -0.001333  0.095865  0.016761  
0.238173  -0.001333  0.096114  0.016761  
0.238654  -0.001333  0.096114  0.016761  
0.239135  -0.001333  0.096363  0.016761  
0.239617  -0.001333  0.096363  0.016761  
0.240099  -0.001333  0.096363  0.016761  
0.240582  -0.001333  0.096612  0.016761  
0.241065  -0.001333  0.096612  0.016761  
0.241548  -0.001333  0.096612  0.016761  
0.242033  -0.001333  0.096861  0.016349  
0.242517  -0.001333  0.096861  0.016349  
0.243002  -0.001333  0.097110  0.016349  
0.243488  -0.001333  0.097110  0.016349  
0.243974  -0.001333  0.097110  0.016349  
0.244459  -0.001333  0.097110  0.016349  
0.244946  -0.001333  0.097359  0.016349  
0.245433  -0.001333  0.097359  0.016349  
0.245921  -0.001333  0.097608  0.016349  
0.246409  -0.001333  0.097608  0.016349  
0.246897  -0.001333  0.097608  0.015916  
0.247386  -0.001333  0.097857  0.015916  
0.247875  -0.001333  0.097857  0.015916  
0.248365  -0.001333  0.097857  0.015916  
0.248854  -0.001333  0.097857  0.015916  
0.249345  -0.001333  0.098106  0.015916  
0.249836  -0.001333  0.098355  0.015916  
0.250328  -0.001333  0.098355  0.015916  
0.250820  -0.001333  0.098355  0.015916  
0.251312  -0.001333  0.098355  0.015916  
0.251805  -0.001333  0.098604  0.015690  
0.252298  -0.001333  0.098604  0.015690  
0.252791  -0.001333  0.098604  0.015690  
0.253285  -0.001333  0.098853  0.015690  
0.253779  -0.001333  0.098853  0.015690  
0.254273  -0.001333  0.098853  0.015690  
0.254769  -0.001333  0.099102  0.015690  
0.255265  -0.001333  0.099102  0.015690  
0.255761  -0.001333  0.099351  0.015690  
0.256257  -0.001333  0.099102  0.015690  
0.256755  -0.001333  0.099600  0.015443  
0.257252  -0.001333  0.099351  0.015443  
0.257750  -0.001333  0.099600  0.015443  
0.258248  -0.001333  0.099600  0.015443  
0.258746  -0.001333  0.099600  0.015443  
0.259245  -0.001333  0.099849  0.015443  
0.259744  -0.001333  0.099849  0.015443  
0.260245  -0.001333  0.100098  0.015443  
0.260745  -0.001333  0.100098  0.015443  
0.261246  -0.001333  0.100098  0.015443  
0.261746  -0.001333  0.100098  0.014948  
0.262248  -0.001333  0.100347  0.014948  
0.262749  -0.001333  0.100347  0.014948  
0.263251  -0.001333  0.100347  0.014948  
0.263754  -0.001333  0.100596  0.014948  
0.264257  -0.001333  0.100596  0.014948  
0.264761  -0.001333  0.100845  0.014948  
0.265266  -0.001333  0.100845  0.014948  
0.265770  -0.001333  0.100845  0.014948  
0.266274  -0.001333  0.100845  0.014948  
0.266780  -0.001333  0.101094  0.014659  
0.267285  -0.001333  0.101094  0.014659  
0.267790  -0.001333  0.101094  0.014659  
0.268297  -0.001333  0.101343  0.014659  
0.268804  -0.001333  0.101343  0.014659  
0.269311  -0.001333  0.101343  0.014659  
0.269819  -0.001333  0.101592  0.014659  
0.270327  -0.001333  0.101592  0.014659  
0.270835  -0.001333  0.101592  0.014659  
0.271344  -0.001333  0.101841  0.014659  
0.271853  -0.001333  0.101841  0.014122  
0.272362  -0.001333  0.101841  0.014122  
0.272873  -0.001333  0.102090  0.014122  
0.273383  -0.001333  0.102090  0.014122  
0.273894  -0.001333  0.102090  0.014122  
0.274404  -0.001333  0.102090  0.014122  
0.274916  -0.001333  0.102339  0.014122  
0.275427  -0.001333  0.102339  0.014122  
0.275940  -0.001333  0.102588  0.014122  
0.276453  -0.001333  0.102588  0.014122  
0.276966  -0.001333  0.102588  0.013790  
0.277479  -0.001333  0.102588  0.013790  
0.277993  -0.001333  0.102837  0.013790  
0.278507  -0.001333  0.102837  0.013790  
0.279022  -0.001333  0.102837  0.013790  
0.279537  -0.001333  0.103086  0.013790  
0.280053  -0.001333  0.103086  0.013790  
0.280568  -0.001333  0.103086  0.013790  
0.281085  -0.001333  0.103335  0.013790  
0.281601  -0.001333  0.103335  0.013790  
0.282118  -0.001333  0.103335  0.013437  
0.282635  -0.001333  0.103335  0.013437  
0.283153  -0.001333  0.103584  0.013437  
0.283671  -0.001333  0.103584  0.013437  
0.284188  -0.001333  0.103584  0.013437  
0.284708  -0.001333  0.103833  0.013437  
0.285227  -0.001333  0.103833  0.013437  
0.285746  -0.001333  0.103833  0.013437  
0.286266  -0.001333  0.104082  0.013437  
0.286787  -0.001333  0.104082  0.013437  
0.287307  -0.001333  0.104082  0.013061  
0.287828  -0.001333  0.104082  0.013061  
0.288349  -0.001333  0.104331  0.013061  
0.288871  -0.001333  0.104331  0.013061  
0.289394  -0.001333  0.104580  0.013061  
0.289915  -0.001333  0.104331  0.013061  
0.290438  -0.001333  0.104580  0.013061  
0.290963  -0.001333  0.104829  0.013061  
0.291485  -0.001333  0.104580  0.013061  
0.292010  -0.001333  0.104829  0.013061  
0.292534  -0.001333  0.104829  0.012664  
0.293058  -0.001333  0.104829  0.012664  
0.293583  -0.001333  0.105078  0.012664  
0.294109  -0.001333  0.105078  0.012664  
0.294634  -0.001333  0.105078  0.012664  
0.295161  -0.001333  0.105327  0.012664  
0.295687  -0.001333  0.105327  0.012664  
0.296214  -0.001333  0.105327  0.012664  
0.296741  -0.001333  0.105327  0.012664  
0.297268  -0.001333  0.105576  0.012664  
0.297796  -0.001333  0.105576  0.012244  
0.298324  -0.001333  0.105576  0.012244  
0.298852  -0.001333  0.105576  0.012244  
0.299381  -0.001333  0.105825  0.012244  
0.299910  -0.001333  0.105825  0.012244  
0.300441  -0.001333  0.106074  0.012244  
0.300970  -0.001333  0.105825  0.012244  
0.301500  -0.001333  0.106074  0.012244  
0.302031  -0.001333  0.106074  0.012244  
0.302562  -0.001333  0.106323  0.012244  
