0.000000  -0.000000  0.000000  0.000000  
0.000000  -0.000000  0.000000  0.003579  
0.000000  -0.000000  0.000000  0.003605  
0.000000  -0.000000  0.000000  0.003650  
0.000002  -0.000000  0.000000  0.003711  
0.000009  -0.000000  0.000000  0.003791  
0.000022  -0.000000  0.000249  0.003888  
0.000045  -0.000000  0.000498  0.003776  
0.000076  -0.000000  0.000747  0.003682  
0.000117  -0.000000  0.000996  0.003605  
0.000167  -0.000000  0.000996  0.003546  
0.000227  -0.000000  0.001245  0.003730  
0.000295  -0.000000  0.001494  0.003706  
0.000374  -0.000000  0.001743  0.003699  
0.000461  -0.000000  0.001992  0.003710  
0.000557  -0.000000  0.001992  0.003737  
0.000662  -0.000000  0.002241  0.004009  
0.000777  -0.000000  0.002490  0.004071  
0.000900  -0.000000  0.002490  0.004151  
0.001033  -0.000000  0.002739  0.004474  
0.001177  -0.000000  0.002988  0.004587  
0.001330  -0.000000  0.003237  0.004718  
0.001493  -0.000000  0.003486  0.004865  
0.001667  -0.000000  0.003735  0.005029  
0.001851  -0.000000  0.003735  0.005210  
0.002049  -0.000000  0.004233  0.005634  
0.002257  -0.000000  0.004233  0.005622  
0.002479  -0.000000  0.004482  0.006079  
0.002713  -0.000000  0.004731  0.006326  
0.002961  -0.000000  0.004980  0.006589  
0.003222  -0.000000  0.005229  0.006868  
0.003498  -0.000000  0.005727  0.007164  
0.003790  -0.000000  0.005976  0.007248  
0.004099  -0.000000  0.006474  0.007575  
0.004422  -0.000000  0.006723  0.007691  
0.004765  -0.000000  0.006972  0.008049  
0.005124  -0.000000  0.007470  0.008423  
0.005503  -0.000000  0.007719  0.008585  
0.005900  -0.000000  0.008217  0.008989  
0.006317  -0.000000  0.008466  0.009181  
0.006755  -0.000000  0.008964  0.009615  
0.007214  -0.000000  0.009213  0.009836  
0.007694  -0.000000  0.009711  0.010299  
0.008198  -0.000000  0.010209  0.010549  
0.008725  -0.000000  0.010707  0.010813  
0.009277  -0.000000  0.011205  0.011091  
0.009853  -0.000000  0.011703  0.011383  
0.010456  -0.000000  0.012450  0.011688  
0.011084  -0.000000  0.012948  0.011780  
0.011740  -0.000000  0.013446  0.012111  
0.012425  -0.000000  0.013944  0.012455  
0.013139  -0.000000  0.014691  0.012812  
0.013881  -0.000000  0.015189  0.012954  
0.014652  -0.000000  0.015687  0.013335  
0.015455  -0.000000  0.016185  0.013728  
0.016291  -0.000000  0.016932  0.014133  
0.017157  -0.000000  0.017679  0.014322  
0.018056  -0.000000  0.018177  0.014522  
0.018990  -0.000000  0.018924  0.014959  
0.019959  -0.000000  0.019671  0.015181  
0.020962  -0.000000  0.020418  0.015412  
0.022002  -0.000000  0.021165  0.015654  
0.023077  -0.000000  0.021912  0.015905  
0.024192  -0.000000  0.022659  0.016165  
0.025343  -0.000000  0.023406  0.016434  
0.026535  -0.000000  0.024153  0.016712  
0.027765  -0.000000  0.024900  0.016998  
0.029036  -0.000000  0.025896  0.017292  
0.030347  -0.000000  0.026643  0.017367  
0.031699  -0.000000  0.027390  0.017676  
0.033093  -0.000000  0.028137  0.017992  
0.034531  -0.000000  0.029133  0.018314  
0.036012  -0.000000  0.030129  0.018416  
0.037536  -0.000000  0.030876  0.018524  
0.039106  -0.000000  0.031872  0.018864  
0.040719  -0.000000  0.032619  0.018982  
0.042380  -0.000000  0.033615  0.019332  
0.044086  -0.000000  0.034611  0.019459  
0.045839  -0.000000  0.035358  0.019590  
0.047639  -0.000000  0.036354  0.019952  
0.049488  -0.000000  0.037599  0.020089  
0.051384  -0.000000  0.038346  0.020003  
0.053329  -0.000000  0.039342  0.020373  
0.055324  -0.000000  0.040338  0.020517  
0.057369  -0.000000  0.041334  0.020663  
0.059463  -0.000000  0.042330  0.020811  
0.061608  -0.000000  0.043326  0.020958  
0.063804  -0.000000  0.044322  0.021106  
0.066052  -0.000000  0.045567  0.021254  
0.068352  -0.000000  0.046563  0.021174  
0.070704  -0.000000  0.047559  0.021320  
0.073108  -0.000000  0.048555  0.021464  
0.075564  -0.000000  0.049551  0.021606  
0.078074  -0.000000  0.050547  0.021745  
0.080638  -0.000000  0.051792  0.021882  
0.083255  -0.000000  0.052788  0.021788  
0.085925  -0.000000  0.054033  0.021918  
0.088649  -0.000000  0.054780  0.021816  
0.091428  -0.000000  0.056025  0.022163  
0.094262  -0.000000  0.057021  0.022052  
0.097150  -0.000000  0.058266  0.022161  
0.100093  -0.000000  0.059511  0.022038  
0.103091  -0.000000  0.060507  0.021908  
0.106144  -0.000000  0.061503  0.021998  
0.109252  -0.000000  0.062499  0.022081  
0.112415  -0.000000  0.063744  0.022155  
0.115634  -0.000000  0.064989  0.021994  
0.118907  -0.000000  0.065985  0.021825  
0.122235  -0.000000  0.066981  0.021873  
0.125618  -0.000000  0.068226  0.021912  
0.129057  -0.000000  0.069471  0.021713  
0.132549  -0.000000  0.070218  0.021504  
0.136098  -0.000000  0.071463  0.021738  
0.139701  -0.000000  0.072708  0.021506  
0.143357  -0.000000  0.073704  0.021263  
0.147069  -0.000000  0.074700  0.021234  
0.150834  -0.000000  0.075696  0.021193  
0.154653  -0.000000  0.076941  0.021138  
0.158525  -0.000000  0.077937  0.020844  
0.162451  -0.000000  0.078933  0.020762  
0.166430  -0.000000  0.080178  0.020666  
0.170461  -0.000000  0.081174  0.020328  
0.174545  -0.000000  0.082170  0.020203  
0.178681  -0.000000  0.083166  0.020061  
0.182869  -0.000000  0.084162  0.019904  
0.187107  -0.000000  0.085158  0.019731  
0.191397  -0.000000  0.086403  0.019542  
0.195737  -0.000000  0.087399  0.019109  
0.200127  -0.000000  0.088395  0.018885  
0.204565  -0.000000  0.089142  0.018644  
0.209054  -0.000000  0.090138  0.018611  
0.213590  -0.000000  0.091134  0.018334  
0.218175  -0.000000  0.092130  0.018039  
0.222806  -0.000000  0.093126  0.017724  
0.227483  -0.000000  0.093873  0.017391  
0.232207  -0.000000  0.094869  0.017265  
0.236977  -0.000000  0.095865  0.016893  
0.241790  -0.000000  0.096612  0.016501  
0.246648  -0.000000  0.097608  0.016315  
0.251549  -0.000000  0.098355  0.015883  
0.256493  -0.000000  0.099351  0.015657  
0.261478  -0.000000  0.100098  0.015183  
0.266504  -0.000000  0.100845  0.014915  
0.271572  -0.000000  0.101841  0.014626  
0.276677  -0.000000  0.102588  0.014089  
0.281822  -0.000000  0.103086  0.013757  
0.287005  -0.000000  0.104082  0.013630  
0.292224  -0.000000  0.104829  0.013028  
0.297479  -0.000000  0.105576  0.012631  
0.302769  -0.000000  0.106074  0.012212  
0.308093  -0.000000  0.106821  0.011997  
0.313450  -0.000000  0.107319  0.011534  
0.318839  -0.000000  0.108066  0.011275  
0.324260  -0.000000  0.108813  0.010766  
0.329711  -0.000000  0.109311  0.010236  
0.335191  -0.000000  0.109809  0.009909  
0.340700  -0.000000  0.110556  0.009560  
0.346236  -0.000000  0.110805  0.008962  
0.351798  -0.000000  0.111552  0.008795  
0.357386  -0.000000  0.112050  0.008152  
0.362998  -0.000000  0.112548  0.007712  
0.368633  -0.000000  0.113046  0.007251  
0.374291  -0.000000  0.113295  0.006766  
0.379969  -0.000000  0.113793  0.006486  
0.385668  -0.000000  0.114291  0.005957  
0.391385  -0.000000  0.114540  0.005406  
0.397119  -0.000000  0.114789  0.005059  
0.402870  -0.000000  0.115038  0.004690  
0.408637  -0.000000  0.115536  0.004299  
0.414418  -0.000000  0.115785  0.003660  
0.420211  -0.000000  0.115785  0.003225  
0.426018  -0.000000  0.116283  0.002996  
0.431836  -0.000000  0.116532  0.002292  
0.437663  -0.000000  0.116532  0.001793  
0.443499  -0.000000  0.116781  0.001500  
0.449343  -0.000000  0.117030  0.000959  
0.455194  -0.000000  0.117030  0.000398  
0.461049  -0.000000  0.117030  0.000042  
0.466909  -0.000000  0.117279  -0.000333  
0.472772  -0.000000  0.117279  -0.000956  
0.478636  -0.000000  0.117279  -0.001371  
0.484501  -0.000000  0.117279  -0.001806  
0.490366  -0.000000  0.117279  -0.002260  
0.496229  -0.000000  0.117279  -0.002733  
0.502089  -0.000000  0.117279  -0.003225  
0.507946  -0.000000  0.117030  -0.003736  
0.513797  -0.000000  0.117030  -0.004038  
0.519642  -0.000000  0.116781  -0.004584  
0.525480  -0.000000  0.116781  -0.004921  
0.531309  -0.000000  0.116532  -0.005503  
0.537129  -0.000000  0.116283  -0.005874  
0.542938  -0.000000  0.116034  -0.006262  
0.548734  -0.000000  0.115785  -0.006666  
0.554519  -0.000000  0.115536  -0.007085  
0.560289  -0.000000  0.115287  -0.007521  
0.566044  -0.000000  0.115038  -0.007971  
0.571782  -0.000000  0.114540  -0.008436  
0.577504  -0.000000  0.114291  -0.008689  
0.583207  -0.000000  0.114042  -0.009183  
0.588891  -0.000000  0.113295  -0.009690  
0.594556  -0.000000  0.113295  -0.009757  
0.600197  -0.000000  0.112548  -0.010517  
0.605817  -0.000000  0.112050  -0.010609  
0.611414  -0.000000  0.111801  -0.010940  
0.616986  -0.000000  0.111054  -0.011509  
0.622533  -0.000000  0.110805  -0.011636  
0.628054  -0.000000  0.110058  -0.012227  
0.633548  -0.000000  0.109809  -0.012376  
0.639013  -0.000000  0.109062  -0.012987  
0.644450  -0.000000  0.108564  -0.013155  
0.649857  -0.000000  0.107817  -0.013559  
0.655233  -0.000000  0.107070  -0.013745  
0.660578  -0.000000  0.106572  -0.013939  
0.665891  -0.000000  0.105825  -0.014368  
0.671169  -0.000000  0.105327  -0.014577  
0.676415  -0.000000  0.104580  -0.015020  
0.681625  -0.000000  0.103833  -0.015243  
0.686799  -0.000000  0.103086  -0.015473  
0.691939  -0.000000  0.102588  -0.015708  
0.697041  -0.000000  0.101841  -0.016175  
0.702104  -0.000000  0.100845  -0.016421  
0.707130  -0.000000  0.100098  -0.016445  
0.712116  -0.000000  0.099351  -0.016699  
0.717064  -0.000000  0.098604  -0.016957  
0.721971  -0.000000  0.097857  -0.017219  
0.726836  -0.000000  0.097110  -0.017484  
0.731659  -0.000000  0.096114  -0.017751  
0.736441  -0.000000  0.095118  -0.017793  
0.741181  -0.000000  0.094371  -0.017837  
0.745877  -0.000000  0.093624  -0.018110  
0.750529  -0.000000  0.092628  -0.018383  
0.755136  -0.000000  0.091632  -0.018430  
0.759699  -0.000000  0.090885  -0.018478  
0.764217  -0.000000  0.089889  -0.018751  
0.768691  -0.000000  0.089142  -0.018798  
0.773117  -0.000000  0.088146  -0.019071  
0.777498  -0.000000  0.087150  -0.019116  
0.781832  -0.000000  0.086154  -0.019159  
0.786118  -0.000000  0.085158  -0.019201  
0.790359  -0.000000  0.084411  -0.019240  
0.794551  -0.000000  0.083415  -0.019503  
0.798695  -0.000000  0.082419  -0.019537  
0.802793  -0.000000  0.081672  -0.019567  
0.806840  -0.000000  0.080427  -0.019821  
0.810840  -0.000000  0.079431  -0.019618  
0.814792  -0.000000  0.078684  -0.019637  
0.818695  -0.000000  0.077688  -0.019879  
0.822548  -0.000000  0.076692  -0.019890  
0.826352  -0.000000  0.075696  -0.019895  
0.830107  -0.000000  0.074700  -0.019895  
0.833813  -0.000000  0.073704  -0.019890  
0.837468  -0.000000  0.072708  -0.019879  
0.841075  -0.000000  0.071712  -0.019862  
0.844632  -0.000000  0.070716  -0.019839  
0.848138  -0.000000  0.069471  -0.019809  
0.851595  -0.000000  0.068724  -0.019546  
0.855003  -0.000000  0.067479  -0.019729  
0.858362  -0.000000  0.066732  -0.019452  
0.861670  -0.000000  0.065736  -0.019621  
0.864929  -0.000000  0.064740  -0.019556  
0.868140  -0.000000  0.063744  -0.019483  
0.871301  -0.000000  0.062748  -0.019402  
0.874414  -0.000000  0.061752  -0.019313  
0.877478  -0.000000  0.061005  -0.019217  
0.880492  -0.000000  0.059760  -0.019338  
0.883459  -0.000000  0.059013  -0.018998  
0.886377  -0.000000  0.058017  -0.019103  
0.889247  -0.000000  0.057021  -0.018972  
0.892068  -0.000000  0.056025  -0.018832  
0.894842  -0.000000  0.055029  -0.018683  
0.897569  -0.000000  0.054282  -0.018525  
0.900247  -0.000000  0.053037  -0.018585  
0.902878  -0.000000  0.052290  -0.018181  
0.905463  -0.000000  0.051294  -0.018222  
0.908000  -0.000000  0.050298  -0.018026  
0.910492  -0.000000  0.049302  -0.017821  
0.912938  -0.000000  0.048555  -0.017606  
0.915338  -0.000000  0.047808  -0.017608  
0.917693  -0.000000  0.046563  -0.017600  
0.920003  -0.000000  0.045816  -0.017130  
0.922268  -0.000000  0.044820  -0.017102  
0.924490  -0.000000  0.044073  -0.016838  
0.926668  -0.000000  0.043077  -0.016791  
0.928803  -0.000000  0.042330  -0.016507  
0.930895  -0.000000  0.041583  -0.016440  
0.932944  -0.000000  0.040587  -0.016363  
0.934951  -0.000000  0.039840  -0.016049  
0.936917  -0.000000  0.039093  -0.015952  
0.938840  -0.000000  0.038097  -0.015845  
0.940724  -0.000000  0.037350  -0.015501  
0.942567  -0.000000  0.036354  -0.015374  
0.944371  -0.000000  0.035856  -0.015011  
0.946134  -0.000000  0.034860  -0.015091  
0.947858  -0.000000  0.034113  -0.014707  
0.949544  -0.000000  0.033366  -0.014541  
0.951191  -0.000000  0.032619  -0.014364  
0.952801  -0.000000  0.031872  -0.014178  
0.954373  -0.000000  0.031125  -0.013982  
0.955909  -0.000000  0.030378  -0.013776  
0.957410  -0.000000  0.029631  -0.013561  
0.958874  -0.000000  0.028884  -0.013337  
0.960303  -0.000000  0.028386  -0.013102  
0.961697  -0.000000  0.027639  -0.013085  
0.963057  -0.000000  0.026892  -0.012832  
0.964384  -0.000000  0.026145  -0.012570  
0.965678  -0.000000  0.025647  -0.012299  
0.966938  -0.000000  0.024900  -0.012245  
0.968166  -0.000000  0.024153  -0.011955  
0.969363  -0.000000  0.023655  -0.011657  
0.970530  -0.000000  0.023157  -0.011576  
0.971664  -0.000000  0.022410  -0.011487  
0.972769  -0.000000  0.021912  -0.011162  
0.973844  -0.000000  0.021165  -0.011056  
0.974891  -0.000000  0.020667  -0.010714  
0.975908  -0.000000  0.020169  -0.010591  
0.976896  -0.000000  0.019422  -0.010459  
0.977858  -0.000000  0.018924  -0.010092  
0.978793  -0.000000  0.018675  -0.009944  
0.979699  -0.000000  0.017928  -0.010015  
0.980580  -0.000000  0.017430  -0.009625  
0.981436  -0.000000  0.016683  -0.009453  
0.982266  -0.000000  0.016185  -0.009048  
0.983072  -0.000000  0.015936  -0.008861  
0.983854  -0.000000  0.015438  -0.008894  
0.984611  -0.000000  0.014940  -0.008693  
0.985345  -0.000000  0.014691  -0.008484  
0.986056  -0.000000  0.013944  -0.008496  
0.986746  -0.000000  0.013695  -0.008047  
0.987413  -0.000000  0.013197  -0.008044  
0.988059  -0.000000  0.012948  -0.007809  
0.988683  -0.000000  0.012201  -0.007793  
0.989288  -0.000000  0.011952  -0.007317  
0.989872  -0.000000  0.011703  -0.007289  
0.990436  -0.000000  0.011205  -0.007254  
0.990980  -0.000000  0.010707  -0.006986  
0.991507  -0.000000  0.010458  -0.006712  
0.992013  -0.000000  0.009960  -0.006660  
0.992503  -0.000000  0.009711  -0.006374  
0.992974  -0.000000  0.009213  -0.006310  
0.993429  -0.000000  0.008964  -0.006013  
0.993867  -0.000000  0.008715  -0.005937  
0.994288  -0.000000  0.008217  -0.005857  
0.994694  -0.000000  0.007968  -0.005544  
0.995083  -0.000000  0.007719  -0.005453  
0.995459  -0.000000  0.007470  -0.005357  
0.995819  -0.000000  0.006972  -0.005256  
0.996165  -0.000000  0.006723  -0.004924  
0.996498  -0.000000  0.006474  -0.004814  
0.996818  -0.000000  0.006474  -0.004699  
0.997123  -0.000000  0.005976  -0.004807  
0.997410  -0.000000  0.005727  -0.004457  
0.997692  -0.000000  0.005478  -0.004327  
0.997961  -0.000000  0.005229  -0.004196  
0.998218  -0.000000  0.004980  -0.004061  
0.998464  -0.000000  0.004731  -0.004530  
0.998699  -0.000000  0.004731  -0.004304  
0.998923  -0.000000  0.004482  -0.004304  
0.999136  -0.000000  0.003984  -0.004077  
0.999339  -0.000000  0.003984  -0.003624  
0.999532  -0.000000  0.003735  -0.003624  
0.999712  -0.000000  0.003486  -0.003398  
0.999884  -0.000000  0.003237  -0.003171  
1.000046  -0.000000  0.003237  -0.002945  
1.000198  -0.000000  0.002988  -0.002945  
1.000341  -0.000000  0.002739  -0.002718  
1.000477  -0.000000  0.002490  -0.002492  
1.000605  -0.000000  0.002490  -0.002265  
1.000726  -0.000000  0.002490  -0.002265  
1.000839  -0.000000  0.002241  -0.002265  
1.000946  -0.000000  0.002241  -0.002039  
1.001046  -0.000000  0.001743  -0.002039  
1.001142  -0.000000  0.001992  -0.001586  
1.001231  -0.000000  0.001743  -0.001812  
1.001315  -0.000000  0.001494  -0.001586  
1.001394  -0.000000  0.001494  -0.001359  
1.001469  -0.000000  0.001494  -0.001359  
1.001539  -0.000000  0.001494  -0.001359  
1.001605  -0.000000  0.001245  -0.001359  
1.001667  -0.000000  0.001245  -0.001133  
1.001726  -0.000000  0.000996  -0.001133  
1.001782  -0.000000  0.001245  -0.000906  
0.000000  0.000000  0.000000  0.000000  
