0.000000  -0.000000  0.000000  0.000000  
0.000000  -0.000000  0.000000  0.003579  
0.000001  -0.000000  0.000000  0.003605  
0.000001  -0.000000  0.000000  0.003650  
0.000002  -0.000000  0.000000  0.003711  
0.000010  -0.000000  0.000249  0.003791  
0.000024  -0.000000  0.000249  0.003661  
0.000046  -0.000000  0.000498  0.003776  
0.000077  -0.000000  0.000747  0.003682  
0.000117  -0.000000  0.000747  0.003605  
0.000167  -0.000000  0.000996  0.003772  
0.000227  -0.000000  0.001245  0.003730  
0.000295  -0.000000  0.001494  0.003706  
0.000372  -0.000000  0.001743  0.003699  
0.000459  -0.000000  0.001992  0.003710  
0.000555  -0.000000  0.001992  0.003737  
0.000660  -0.000000  0.001992  0.004009  
0.000774  -0.000000  0.002241  0.004298  
0.000899  -0.000000  0.002739  0.004377  
0.001032  -0.000000  0.002739  0.004247  
0.001175  -0.000000  0.002988  0.004587  
0.001328  -0.000000  0.003237  0.004718  
0.001493  -0.000000  0.003486  0.004865  
0.001667  -0.000000  0.003735  0.005029  
0.001853  -0.000000  0.003735  0.005210  
0.002051  -0.000000  0.003984  0.005634  
0.002260  -0.000000  0.004233  0.005848  
0.002481  -0.000000  0.004482  0.006079  
0.002717  -0.000000  0.004980  0.006326  
0.002964  -0.000000  0.004980  0.006362  
0.003227  -0.000000  0.005478  0.006868  
0.003503  -0.000000  0.005478  0.006937  
0.003796  -0.000000  0.005976  0.007475  
0.004105  -0.000000  0.006225  0.007575  
0.004430  -0.000000  0.006474  0.007918  
0.004772  -0.000000  0.006972  0.008276  
0.005132  -0.000000  0.007221  0.008423  
0.005512  -0.000000  0.007719  0.008812  
0.005910  -0.000000  0.008217  0.008989  
0.006328  -0.000000  0.008715  0.009181  
0.006767  -0.000000  0.008964  0.009388  
0.007227  -0.000000  0.009213  0.009836  
0.007710  -0.000000  0.009711  0.010299  
0.008216  -0.000000  0.010209  0.010549  
0.008745  -0.000000  0.010956  0.010813  
0.009298  -0.000000  0.011205  0.010864  
0.009875  -0.000000  0.011703  0.011383  
0.010479  -0.000000  0.012201  0.011688  
0.011109  -0.000000  0.012699  0.012006  
0.011767  -0.000000  0.013197  0.012337  
0.012453  -0.000000  0.013944  0.012681  
0.013166  -0.000000  0.014442  0.012811  
0.013910  -0.000000  0.015189  0.013180  
0.014684  -0.000000  0.015687  0.013335  
0.015489  -0.000000  0.016434  0.013727  
0.016326  -0.000000  0.016932  0.013905  
0.017196  -0.000000  0.017679  0.014321  
0.018097  -0.000000  0.018177  0.014521  
0.019034  -0.000000  0.018924  0.014958  
0.020005  -0.000000  0.019671  0.015179  
0.021011  -0.000000  0.020418  0.015411  
0.022053  -0.000000  0.021165  0.015652  
0.023131  -0.000000  0.021912  0.015903  
0.024248  -0.000000  0.022659  0.016163  
0.025402  -0.000000  0.023406  0.016432  
0.026596  -0.000000  0.024402  0.016710  
0.027828  -0.000000  0.025149  0.016769  
0.029101  -0.000000  0.025896  0.017063  
0.030414  -0.000000  0.026643  0.017364  
0.031769  -0.000000  0.027639  0.017673  
0.033164  -0.000000  0.028386  0.017762  
0.034604  -0.000000  0.029133  0.018084  
0.036085  -0.000000  0.030129  0.018413  
0.037610  -0.000000  0.030876  0.018520  
0.039180  -0.000000  0.031872  0.018860  
0.040795  -0.000000  0.032868  0.018978  
0.042455  -0.000000  0.033615  0.019101  
0.044160  -0.000000  0.034362  0.019455  
0.045913  -0.000000  0.035358  0.019813  
0.047714  -0.000000  0.036603  0.019948  
0.049561  -0.000000  0.037599  0.019859  
0.051456  -0.000000  0.038346  0.019999  
0.053401  -0.000000  0.039342  0.020369  
0.055395  -0.000000  0.040338  0.020513  
0.057440  -0.000000  0.041334  0.020659  
0.059532  -0.000000  0.042330  0.020806  
0.061678  -0.000000  0.043326  0.020954  
0.063872  -0.000000  0.044322  0.021102  
0.066120  -0.000000  0.045567  0.021249  
0.068418  -0.000000  0.046563  0.021169  
0.070769  -0.000000  0.047559  0.021315  
0.073171  -0.000000  0.048555  0.021459  
0.075627  -0.000000  0.049551  0.021601  
0.078135  -0.000000  0.050547  0.021741  
0.080697  -0.000000  0.051543  0.021877  
0.083313  -0.000000  0.052788  0.022011  
0.085982  -0.000000  0.053784  0.021913  
0.088707  -0.000000  0.055029  0.022038  
0.091484  -0.000000  0.056025  0.021932  
0.094317  -0.000000  0.057270  0.022047  
0.097204  -0.000000  0.058266  0.021930  
0.100146  -0.000000  0.059262  0.022034  
0.103144  -0.000000  0.060507  0.022131  
0.106195  -0.000000  0.061503  0.021994  
0.109303  -0.000000  0.062499  0.022076  
0.112465  -0.000000  0.063744  0.022150  
0.115682  -0.000000  0.064740  0.021990  
0.118954  -0.000000  0.065736  0.022047  
0.122282  -0.000000  0.066981  0.022095  
0.125665  -0.000000  0.068226  0.021907  
0.129102  -0.000000  0.069222  0.021709  
0.132595  -0.000000  0.058488  0.021726  
0.136144  -0.000000  0.071463  0.032406  
0.139746  -0.000000  0.072459  0.021502  
0.143405  -0.000000  0.073704  0.021485  
0.147123  -0.000000  0.074949  0.021229  
0.150902  -0.000000  0.076194  0.020961  
0.154740  -0.000000  0.077190  0.020678  
0.158638  -0.000000  0.078435  0.020608  
0.162591  -0.000000  0.079680  0.020296  
0.166597  -0.000000  0.080427  0.019971  
0.170654  -0.000000  0.081423  0.020083  
0.174764  -0.000000  0.082668  0.019954  
0.178925  -0.000000  0.083664  0.019583  
0.183135  -0.000000  0.084660  0.019423  
0.187397  -0.000000  0.085656  0.019247  
0.191708  -0.000000  0.086901  0.019054  
0.196068  -0.000000  0.087648  0.018618  
0.200477  -0.000000  0.088644  0.018618  
0.204935  -0.000000  0.089640  0.018374  
0.209440  -0.000000  0.090387  0.018112  
0.213993  -0.000000  0.091383  0.018059  
0.218592  -0.000000  0.092379  0.017760  
0.223237  -0.000000  0.093375  0.017444  
0.227928  -0.000000  0.094122  0.017108  
0.232664  -0.000000  0.095118  0.016979  
0.237445  -0.000000  0.095865  0.016605  
0.242269  -0.000000  0.096861  0.016437  
0.247138  -0.000000  0.097857  0.016023  
0.252049  -0.000000  0.098604  0.015588  
0.257001  -0.000000  0.099351  0.015360  
0.261995  -0.000000  0.100347  0.015111  
0.267030  -0.000000  0.101094  0.014614  
0.272103  -0.000000  0.101841  0.014323  
0.277216  -0.000000  0.102588  0.014011  
0.282367  -0.000000  0.103335  0.013677  
0.287555  -0.000000  0.104082  0.013322  
0.292779  -0.000000  0.104829  0.012945  
0.298039  -0.000000  0.105576  0.012546  
0.303333  -0.000000  0.106074  0.012126  
0.308660  -0.000000  0.106821  0.011910  
0.314021  -0.000000  0.107568  0.011445  
0.319415  -0.000000  0.108315  0.010957  
0.324838  -0.000000  0.136017  0.010448  
0.330291  -0.000000  0.109311  -0.014607  
0.335774  -0.000000  0.109809  0.009815  
0.341281  -0.000000  0.110307  0.009464  
0.346803  -0.000000  0.110556  0.009092  
0.352336  -0.000000  0.110556  0.008926  
0.357879  -0.000000  0.110805  0.008967  
0.363434  -0.000000  0.111054  0.008761  
0.369009  -0.000000  0.111801  0.008535  
0.374606  -0.000000  0.112050  0.007834  
0.380226  -0.000000  0.112797  0.007564  
0.385867  -0.000000  0.113046  0.006818  
0.391529  -0.000000  0.113544  0.006503  
0.397211  -0.000000  0.113793  0.005939  
0.402913  -0.000000  0.114291  0.005580  
0.408634  -0.000000  0.114540  0.004971  
0.414371  -0.000000  0.115038  0.004567  
0.420123  -0.000000  0.115287  0.003914  
0.425890  -0.000000  0.115536  0.003466  
0.431670  -0.000000  0.115785  0.002996  
0.437462  -0.000000  0.116034  0.002504  
0.443264  -0.000000  0.116034  0.001991  
0.449077  -0.000000  0.116283  0.001684  
0.454896  -0.000000  0.116283  0.001129  
0.460724  -0.000000  0.116781  0.000780  
0.466557  -0.000000  0.116781  -0.000043  
0.472393  -0.000000  0.116781  -0.000433  
0.478235  -0.000000  0.117030  -0.000842  
0.484078  -0.000000  0.117030  -0.001499  
0.489922  -0.000000  0.117030  -0.001948  
0.495766  -0.000000  0.117030  -0.002416  
0.501607  -0.000000  0.116781  -0.002904  
0.507446  -0.000000  0.116781  -0.003183  
0.513282  -0.000000  0.145666  -0.003707  
0.519112  -0.000000  0.116532  -0.030528  
0.524935  -0.000000  0.116532  -0.004583  
0.530748  -0.000000  0.116283  -0.005160  
0.536545  -0.000000  0.115785  -0.005527  
0.542310  -0.000000  0.115038  -0.005683  
0.548043  -0.000000  0.114540  -0.005624  
0.553754  -0.000000  0.114042  -0.005802  
0.559450  -0.000000  0.113793  -0.005994  
0.565132  -0.000000  0.113544  -0.006427  
0.570800  -0.000000  0.113046  -0.006875  
0.576453  -0.000000  0.112797  -0.007111  
0.582092  -0.000000  0.112548  -0.007588  
0.587714  -0.000000  0.112299  -0.008079  
0.593322  -0.000000  0.112050  -0.008584  
0.598911  -0.000000  0.111801  -0.009102  
0.604481  -0.000000  0.111303  -0.009634  
0.610031  -0.000000  0.110805  -0.009952  
0.615561  -0.000000  0.110307  -0.010282  
0.621070  -0.000000  0.110058  -0.010624  
0.626555  -0.000000  0.109560  -0.011204  
0.632015  -0.000000  0.108813  -0.011569  
0.637451  -0.000000  0.108564  -0.011718  
0.642861  -0.000000  0.108066  -0.012330  
0.648243  -0.000000  0.107568  -0.012725  
0.653596  -0.000000  0.106821  -0.013129  
0.658921  -0.000000  0.106323  -0.013316  
0.664215  -0.000000  0.105576  -0.013738  
0.669479  -0.000000  0.105078  -0.013941  
0.674710  -0.000000  0.104331  -0.014378  
0.679908  -0.000000  0.103584  -0.014596  
0.685074  -0.000000  0.128858  -0.014820  
0.690203  -0.000000  0.102339  -0.038723  
0.695298  -0.000000  0.101592  -0.015514  
0.700354  -0.000000  0.100845  -0.015756  
0.705361  -0.000000  0.099849  -0.016002  
0.710316  -0.000000  0.098604  -0.016024  
0.715219  -0.000000  0.097608  -0.015819  
0.720072  -0.000000  0.096612  -0.015840  
0.724881  -0.000000  0.095865  -0.015862  
0.729650  -0.000000  0.094869  -0.016113  
0.734380  -0.000000  0.094122  -0.016139  
0.739069  -0.000000  0.116719  -0.016394  
0.743720  -0.000000  0.092628  -0.037888  
0.748329  -0.000000  0.091632  -0.016910  
0.752897  -0.000000  0.090885  -0.016944  
0.757417  -0.000000  0.089889  -0.017205  
0.761879  -0.000000  0.088644  -0.017238  
0.766283  -0.000000  0.087648  -0.017041  
0.770635  -0.000000  0.086652  -0.017066  
0.774943  -0.000000  0.085656  -0.017089  
0.779208  -0.000000  0.084909  -0.017110  
0.783431  -0.000000  0.084162  -0.017356  
0.787611  -0.000000  0.103958  -0.017602  
0.791748  -0.000000  0.082419  -0.036534  
0.795842  -0.000000  0.081423  -0.017862  
0.799890  -0.000000  0.080676  -0.017876  
0.803886  -0.000000  0.079431  -0.018114  
0.807826  -0.000000  0.078186  -0.017893  
0.811711  -0.000000  0.077190  -0.017666  
0.815541  -0.000000  0.076194  -0.017660  
0.819324  -0.000000  0.075198  -0.017647  
0.823061  -0.000000  0.074202  -0.017630  
0.826755  -0.000000  0.073455  -0.017608  
0.830404  -0.000000  0.072708  -0.017809  
0.834009  -0.000000  0.071712  -0.018005  
0.837569  -0.000000  0.070716  -0.017970  
0.841086  -0.000000  0.069969  -0.017931  
0.844559  -0.000000  0.068973  -0.018113  
0.847986  -0.000000  0.068226  -0.018064  
0.851369  -0.000000  0.067230  -0.018235  
0.854707  -0.000000  0.066234  -0.018174  
0.858000  -0.000000  0.065487  -0.018108  
0.861248  -0.000000  0.064740  -0.018261  
0.864450  -0.000000  0.063744  -0.018408  
0.867607  -0.000000  0.078435  -0.018322  
0.870719  -0.000000  0.061752  -0.032500  
0.873785  -0.000000  0.061005  -0.018129  
0.876803  -0.000000  0.060009  -0.018249  
0.879769  -0.000000  0.058764  -0.018133  
0.882681  -0.000000  0.057768  -0.017781  
0.885538  -0.000000  0.056772  -0.017645  
0.888343  -0.000000  0.055776  -0.017499  
0.891101  -0.000000  0.054780  -0.017342  
0.893812  -0.000000  0.053784  -0.017177  
0.896480  -0.000000  0.053037  -0.017002  
0.899105  -0.000000  0.052290  -0.017046  
0.901684  -0.000000  0.051045  -0.017082  
0.904222  -0.000000  0.050298  -0.016655  
0.906717  -0.000000  0.049551  -0.016674  
0.909168  -0.000000  0.048555  -0.016684  
0.911579  -0.000000  0.047808  -0.016458  
0.913945  -0.000000  0.047061  -0.016451  
0.916271  -0.000000  0.046065  -0.016434  
0.918554  -0.000000  0.045318  -0.016182  
0.920797  -0.000000  0.044322  -0.016147  
0.922998  -0.000000  0.043575  -0.015877  
0.925159  -0.000000  0.042828  -0.015825  
0.927278  -0.000000  0.042081  -0.015764  
0.929357  -0.000000  0.041334  -0.015692  
0.931397  -0.000000  0.040338  -0.015612  
0.933396  -0.000000  0.039591  -0.015296  
0.935356  -0.000000  0.038844  -0.015198  
0.937277  -0.000000  0.038097  -0.015089  
0.939158  -0.000000  0.037350  -0.014972  
0.941000  -0.000000  0.036354  -0.014845  
0.942806  -0.000000  0.035856  -0.014482  
0.944572  -0.000000  0.034860  -0.014563  
0.946302  -0.000000  0.042641  -0.014181  
0.947995  -0.000000  0.033615  -0.021775  
0.949650  -0.000000  0.032619  -0.014069  
0.951268  -0.000000  0.031872  -0.013659  
0.952849  -0.000000  0.031374  -0.013467  
0.954387  -0.000000  0.030378  -0.013491  
0.955885  -0.000000  0.029631  -0.013050  
0.957344  -0.000000  0.028884  -0.012824  
0.958769  -0.000000  0.028137  -0.012589  
0.960161  -0.000000  0.027639  -0.012344  
0.961519  -0.000000  0.026892  -0.012317  
0.962845  -0.000000  0.026394  -0.012055  
0.964139  -0.000000  0.025647  -0.012010  
0.965401  -0.000000  0.024900  -0.011729  
0.966634  -0.000000  0.024402  -0.011441  
0.967835  -0.000000  0.023904  -0.011370  
0.969007  -0.000000  0.023157  -0.011291  
0.970149  -0.000000  0.022659  -0.010977  
0.971262  -0.000000  0.022161  -0.010881  
0.972345  -0.000000  0.021414  -0.010777  
0.973402  -0.000000  0.020916  -0.010438  
0.974429  -0.000000  0.020169  -0.010318  
0.975430  -0.000000  0.019671  -0.009963  
0.976403  -0.000000  0.019173  -0.009827  
0.977351  -0.000000  0.018675  -0.009683  
0.978272  -0.000000  0.018177  -0.009531  
0.979169  -0.000000  0.017679  -0.009372  
0.980040  -0.000000  0.017181  -0.009205  
0.980887  -0.000000  0.016683  -0.009032  
0.981710  -0.000000  0.016434  -0.008850  
0.982508  -0.000000  0.015687  -0.008889  
0.983285  -0.000000  0.015438  -0.008466  
0.984038  -0.000000  0.014940  -0.008491  
0.984767  -0.000000  0.017741  -0.008281  
0.985477  -0.000000  0.014193  -0.011066  
0.986163  -0.000000  0.013446  -0.008069  
0.986829  -0.000000  0.013197  -0.007613  
0.987472  -0.000000  0.012699  -0.007604  
0.988093  -0.000000  0.012201  -0.007361  
0.988692  -0.000000  0.011952  -0.007111  
0.989269  -0.000000  0.011454  -0.007081  
0.989827  -0.000000  0.010956  -0.006818  
0.990366  -0.000000  0.010458  -0.006548  
0.990888  -0.000000  0.010209  -0.009513  
0.991392  -0.000000  0.009960  -0.009287  
0.991878  -0.000000  0.009462  -0.009060  
0.992346  -0.000000  0.009213  -0.008607  
0.992793  -0.000000  0.008715  -0.008381  
0.993218  -0.000000  0.008217  -0.007928  
0.993623  -0.000000  0.007968  -0.007475  
0.994004  -0.000000  0.007470  -0.007248  
0.994365  -0.000000  0.007221  -0.006795  
0.994705  -0.000000  0.006723  -0.006569  
0.995025  -0.000000  0.006225  -0.006116  
0.995327  -0.000000  0.005976  -0.005663  
0.995613  -0.000000  0.005727  -0.005436  
0.995875  -0.000000  0.005229  -0.005210  
0.996127  -0.000000  0.004731  -0.004757  
0.996365  -0.000000  0.004482  -0.004304  
0.996589  -0.000000  0.004482  -0.004077  
0.996799  -0.000000  0.004233  -0.004077  
0.996997  -0.000000  0.003984  -0.003851  
0.997184  -0.000000  0.003735  -0.003624  
0.997359  -0.000000  0.003486  -0.003398  
0.997525  -0.000000  0.003237  -0.003171  
0.997681  -0.000000  0.002988  -0.002945  
0.997827  -0.000000  0.003735  -0.002718  
0.997964  -0.000000  0.002739  -0.003398  
0.998094  -0.000000  0.002490  -0.002492  
0.998216  -0.000000  0.002490  -0.002265  
0.998330  -0.000000  0.002241  -0.002265  
0.998438  -0.000000  0.002241  -0.002039  
0.998537  -0.000000  0.001992  -0.002039  
0.998630  -0.000000  0.001743  -0.001812  
0.998719  -0.000000  0.001743  -0.001586  
0.998801  -0.000000  0.001494  -0.001586  
0.998878  -0.000000  0.001494  -0.001359  
0.998952  -0.000000  0.001494  -0.001359  
0.999020  -0.000000  0.001494  -0.001359  
0.999084  -0.000000  0.001245  -0.001359  
0.999145  -0.000000  0.001245  -0.001133  
0.999202  -0.000000  0.000996  -0.001133  
0.999255  -0.000000  0.000996  -0.000906  
0.999307  -0.000000  0.000996  -0.000906  
0.999354  -0.000000  0.000996  -0.000906  
0.999399  -0.000000  0.000747  -0.000906  
0.999441  -0.000000  0.000747  -0.000680  
0.999481  -0.000000  0.000747  -0.000680  
0.999518  -0.000000  0.000934  -0.000680  
0.999554  -0.000000  0.000747  -0.000849  
0.999587  -0.000000  0.000498  -0.000680  
0.999619  -0.000000  0.000747  -0.000453  
0.999649  -0.000000  0.000747  -0.000680  
0.999676  -0.000000  0.000498  -0.000680  
0.999704  -0.000000  0.000498  -0.000453  
0.999729  -0.000000  0.000498  -0.000453  
0.999751  -0.000000  0.000249  -0.000453  
0.999773  -0.000000  0.000498  -0.000227  
0.999795  -0.000000  0.000498  -0.000453  
0.999813  -0.000000  0.000249  -0.000453  
0.999832  -0.000000  0.000498  -0.000227  
0.000000  0.000000  0.000000  0.000000  
0.000000  0.000000  0.000000  0.000000  
0.000000  0.000000  0.000000  0.000000  
0.000000  0.000000  0.000000  0.000000  
0.000000  0.000000  0.000000  0.000000  
