0.000000  -0.000000  0.000000  0.000000  
0.000000  -0.000000  0.000000  0.003579  
0.000000  -0.000000  0.000000  0.003605  
0.000000  -0.000000  0.000000  0.003650  
0.000002  -0.000000  0.000000  0.003711  
0.000009  -0.000000  0.000249  0.003791  
0.000022  -0.000000  0.000249  0.003661  
0.000045  -0.000000  0.000498  0.003776  
0.000076  -0.000000  0.000747  0.003682  
0.000116  -0.000000  0.000934  0.003605  
0.000166  -0.000000  0.000996  0.003602  
0.000225  -0.000000  0.001245  0.003730  
0.000294  -0.000000  0.001494  0.003706  
0.000371  -0.000000  0.001743  0.003699  
0.000457  -0.000000  0.001743  0.003710  
0.000553  -0.000000  0.001992  0.003964  
0.000659  -0.000000  0.002241  0.004009  
0.000772  -0.000000  0.002241  0.004071  
0.000895  -0.000000  0.002490  0.004377  
0.001028  -0.000000  0.002739  0.004474  
0.001172  -0.000000  0.002988  0.004587  
0.001325  -0.000000  0.003237  0.004718  
0.001489  -0.000000  0.003486  0.004865  
0.001663  -0.000000  0.003735  0.005029  
0.001849  -0.000000  0.003735  0.005210  
0.002047  -0.000000  0.003984  0.005634  
0.002256  -0.000000  0.004233  0.005848  
0.002479  -0.000000  0.004731  0.006079  
0.002713  -0.000000  0.004731  0.006099  
0.002962  -0.000000  0.005229  0.006589  
0.003223  -0.000000  0.005229  0.006642  
0.003501  -0.000000  0.005727  0.007164  
0.003794  -0.000000  0.005976  0.007248  
0.004102  -0.000000  0.006474  0.007575  
0.004427  -0.000000  0.006723  0.007691  
0.004770  -0.000000  0.007221  0.008049  
0.005129  -0.000000  0.007470  0.008196  
0.005508  -0.000000  0.007719  0.008585  
0.005905  -0.000000  0.008217  0.008989  
0.006322  -0.000000  0.008466  0.009181  
0.006759  -0.000000  0.008964  0.009615  
0.007217  -0.000000  0.009213  0.009836  
0.007698  -0.000000  0.009711  0.010299  
0.008201  -0.000000  0.010209  0.010549  
0.008727  -0.000000  0.010707  0.010813  
0.009278  -0.000000  0.011205  0.011091  
0.009854  -0.000000  0.011703  0.011383  
0.010456  -0.000000  0.012201  0.011688  
0.011084  -0.000000  0.012948  0.012006  
0.011739  -0.000000  0.013197  0.012111  
0.012424  -0.000000  0.013944  0.012682  
0.013136  -0.000000  0.014442  0.012812  
0.013878  -0.000000  0.015189  0.013181  
0.014650  -0.000000  0.015687  0.013336  
0.015453  -0.000000  0.016185  0.013728  
0.016288  -0.000000  0.016932  0.014133  
0.017156  -0.000000  0.017679  0.014322  
0.018056  -0.000000  0.018426  0.014522  
0.018990  -0.000000  0.018924  0.014733  
0.019959  -0.000000  0.019671  0.015181  
0.020963  -0.000000  0.020418  0.015412  
0.022004  -0.000000  0.021165  0.015654  
0.023081  -0.000000  0.021912  0.015905  
0.024195  -0.000000  0.022659  0.016165  
0.025347  -0.000000  0.023406  0.016434  
0.026539  -0.000000  0.024153  0.016712  
0.027770  -0.000000  0.025149  0.016998  
0.029040  -0.000000  0.025647  0.017065  
0.030351  -0.000000  0.026394  0.017593  
0.031704  -0.000000  0.027390  0.017902  
0.033098  -0.000000  0.028386  0.017991  
0.034535  -0.000000  0.029133  0.018087  
0.036017  -0.000000  0.030129  0.018416  
0.037542  -0.000000  0.031125  0.018524  
0.039111  -0.000000  0.031872  0.018637  
0.040725  -0.000000  0.032619  0.018982  
0.042386  -0.000000  0.033615  0.019331  
0.044092  -0.000000  0.034611  0.019459  
0.045845  -0.000000  0.035358  0.019590  
0.047645  -0.000000  0.036354  0.019951  
0.049493  -0.000000  0.037350  0.020089  
0.051389  -0.000000  0.038346  0.020230  
0.053333  -0.000000  0.039342  0.020372  
0.055328  -0.000000  0.040338  0.020517  
0.057372  -0.000000  0.041334  0.020663  
0.059466  -0.000000  0.042330  0.020810  
0.061612  -0.000000  0.043326  0.020958  
0.063808  -0.000000  0.044322  0.021106  
0.066056  -0.000000  0.045567  0.021253  
0.068356  -0.000000  0.046563  0.021174  
0.070708  -0.000000  0.047559  0.021319  
0.073112  -0.000000  0.048555  0.021463  
0.075568  -0.000000  0.049551  0.021605  
0.078078  -0.000000  0.050547  0.021745  
0.080641  -0.000000  0.051792  0.021882  
0.083258  -0.000000  0.052788  0.021788  
0.085929  -0.000000  0.054033  0.021918  
0.088653  -0.000000  0.068475  0.021816  
0.091432  -0.000000  0.056025  0.009702  
0.094266  -0.000000  0.057021  0.022052  
0.097153  -0.000000  0.058017  0.022161  
0.100091  -0.000000  0.059262  0.022264  
0.103073  -0.000000  0.060258  0.022135  
0.106099  -0.000000  0.061005  0.022226  
0.109178  -0.000000  0.062001  0.022538  
0.112312  -0.000000  0.063246  0.022615  
0.115499  -0.000000  0.064242  0.022457  
0.118742  -0.000000  0.065238  0.022517  
0.122043  -0.000000  0.083104  0.022568  
0.125398  -0.000000  0.067728  0.007260  
0.128809  -0.000000  0.068724  0.022187  
0.132274  -0.000000  0.069720  0.022208  
0.135790  -0.000000  0.070716  0.022218  
0.139353  -0.000000  0.071712  0.022217  
0.142961  -0.000000  0.072459  0.022205  
0.146618  -0.000000  0.073704  0.022408  
0.150327  -0.000000  0.074700  0.022146  
0.154092  -0.000000  0.075696  0.022098  
0.157913  -0.000000  0.076941  0.022037  
0.161790  -0.000000  0.078186  0.021735  
0.165721  -0.000000  0.079182  0.021418  
0.169708  -0.000000  0.080178  0.021314  
0.173750  -0.000000  0.081423  0.021194  
0.177846  -0.000000  0.082419  0.020832  
0.181997  -0.000000  0.083415  0.020681  
0.186202  -0.000000  0.084660  0.020514  
0.190458  -0.000000  0.085407  0.020103  
0.194768  -0.000000  0.086652  0.020128  
0.199130  -0.000000  0.087648  0.019683  
0.203543  -0.000000  0.088644  0.019447  
0.208008  -0.000000  0.089889  0.019193  
0.212521  -0.000000  0.090636  0.018693  
0.217085  -0.000000  0.091632  0.018629  
0.221698  -0.000000  0.092628  0.018319  
0.226359  -0.000000  0.093624  0.017990  
0.231068  -0.000000  0.094620  0.017641  
0.235823  -0.000000  0.095367  0.017273  
0.240624  -0.000000  0.096363  0.017111  
0.245471  -0.000000  0.097359  0.016702  
0.250363  -0.000000  0.098355  0.016273  
0.255297  -0.000000  0.099102  0.015823  
0.260276  -0.000000  0.100098  0.015579  
0.265296  -0.000000  0.100845  0.015088  
0.270356  -0.000000  0.101592  0.014801  
0.275458  -0.000000  0.102339  0.014494  
0.280599  -0.000000  0.103086  0.014164  
0.285778  -0.000000  0.103833  0.013813  
0.290995  -0.000000  0.104580  0.013440  
0.296248  -0.000000  0.105327  0.013045  
0.301538  -0.000000  0.106074  0.012628  
0.306861  -0.000000  0.106821  0.012189  
0.312220  -0.000000  0.107568  0.011727  
0.317611  -0.000000  0.108066  0.011243  
0.323034  -0.000000  0.108813  0.010963  
0.328488  -0.000000  0.109311  0.010434  
0.333972  -0.000000  0.110058  0.010109  
0.339485  -0.000000  0.110556  0.009535  
0.345026  -0.000000  0.111054  0.009164  
0.350593  -0.000000  0.111552  0.008771  
0.356187  -0.000000  0.112050  0.008355  
0.361805  -0.000000  0.112548  0.007917  
0.367446  -0.000000  0.113046  0.007456  
0.373109  -0.000000  0.113295  0.006973  
0.378795  -0.000000  0.142553  0.006693  
0.384500  -0.000000  0.114291  -0.020001  
0.390224  -0.000000  0.114540  0.005614  
0.395966  -0.000000  0.115038  0.005267  
0.401714  -0.000000  0.115038  0.004672  
0.407456  -0.000000  0.114789  0.004510  
0.413195  -0.000000  0.114789  0.004557  
0.418938  -0.000000  0.115038  0.004358  
0.424690  -0.000000  0.115038  0.003914  
0.430454  -0.000000  0.115536  0.003675  
0.436228  -0.000000  0.115536  0.002962  
0.442014  -0.000000  0.115785  0.002680  
0.447811  -0.000000  0.116034  0.002152  
0.453615  -0.000000  0.116034  0.001601  
0.459429  -0.000000  0.116283  0.001257  
0.465249  -0.000000  0.116532  0.000665  
0.471076  -0.000000  0.116532  0.000053  
0.476908  -0.000000  0.116532  -0.000353  
0.482743  -0.000000  0.116781  -0.000779  
0.488581  -0.000000  0.116781  -0.001451  
0.494419  -0.000000  0.116781  -0.001916  
0.500258  -0.000000  0.116781  -0.002400  
0.506094  -0.000000  0.116781  -0.002904  
0.511928  -0.000000  0.116781  -0.003426  
0.517757  -0.000000  0.116532  -0.003966  
0.523583  -0.000000  0.116532  -0.004297  
0.529401  -0.000000  0.116283  -0.004873  
0.535211  -0.000000  0.116034  -0.005239  
0.541013  -0.000000  0.116034  -0.005623  
0.546803  -0.000000  0.115785  -0.006249  
0.552583  -0.000000  0.115287  -0.006665  
0.558351  -0.000000  0.115287  -0.006870  
0.564104  -0.000000  0.115038  -0.007544  
0.569842  -0.000000  0.143176  -0.008006  
0.575566  -0.000000  0.114291  -0.034308  
0.581271  -0.000000  0.113793  -0.008748  
0.586955  -0.000000  0.113544  -0.009026  
0.592608  -0.000000  0.112797  -0.009544  
0.598227  -0.000000  0.112050  -0.009619  
0.603806  -0.000000  0.111054  -0.009704  
0.609350  -0.000000  0.110556  -0.009569  
0.614868  -0.000000  0.110307  -0.009897  
0.620361  -0.000000  0.109560  -0.010462  
0.625830  -0.000000  0.109062  -0.010585  
0.631276  -0.000000  0.108813  -0.010945  
0.636697  -0.000000  0.108315  -0.011542  
0.642091  -0.000000  0.107568  -0.011923  
0.647461  -0.000000  0.107070  -0.012087  
0.652803  0.000444  0.106572  -0.012488  
0.658117  0.000444  0.106074  -0.012898  
0.663402  0.000444  0.105576  -0.013316  
0.668657  0.000444  0.104829  -0.013742  
0.673881  0.000444  0.104331  -0.013950  
0.679074  0.000444  0.103584  -0.014391  
0.684233  0.000444  0.102837  -0.014614  
0.689359  0.000444  0.127613  -0.014842  
0.694451  0.000444  0.101592  -0.038295  
0.699507  0.000444  0.100845  -0.015543  
0.704523  0.000444  0.099849  -0.015788  
0.709493  0.000444  0.098853  -0.015811  
0.714413  0.000444  0.098106  -0.015835  
0.719278  0.000444  0.096861  -0.016087  
0.724092  0.000444  0.095865  -0.015885  
0.728863  0.000444  0.095118  -0.015909  
0.733595  0.000444  0.094371  -0.016161  
0.738288  0.000444  0.093624  -0.016416  
0.742940  0.000444  0.092628  -0.016673  
0.747553  0.000444  0.092130  -0.016705  
0.752125  0.000444  0.091134  -0.017192  
0.756656  0.000444  0.090387  -0.017227  
0.761146  0.000444  0.089391  -0.017489  
0.765594  0.000444  0.088395  -0.017525  
0.770002  0.000444  0.087897  -0.017561  
0.774364  0.000444  0.086901  -0.018051  
0.778684  0.000444  0.085905  -0.018086  
0.782961  0.000444  0.085158  -0.018120  
0.787194  0.000444  0.084411  -0.018380  
0.791381  0.000444  0.083166  -0.018638  
0.795524  0.000444  0.082419  -0.018441  
0.799622  0.000444  0.081423  -0.018695  
0.803674  0.000444  0.080676  -0.018719  
0.807680  0.000444  0.079680  -0.018967  
0.811640  0.000444  0.078684  -0.018985  
0.815553  0.000444  0.077688  -0.018999  
0.819420  0.000444  0.076941  -0.019009  
0.823239  0.000444  0.075945  -0.019242  
0.827010  0.000444  0.074949  -0.019244  
0.830735  0.000444  0.073953  -0.019240  
0.834413  0.000444  0.073206  -0.019232  
0.838042  0.000444  0.072210  -0.019445  
0.841623  0.000444  0.071214  -0.019425  
0.845156  0.000444  0.070218  -0.019400  
0.848642  0.000444  0.069471  -0.019368  
0.852079  0.000444  0.068226  -0.019557  
0.855467  0.000444  0.067479  -0.019286  
0.858807  0.000444  0.066234  -0.019461  
0.862098  0.000444  0.065487  -0.019175  
0.865342  0.000444  0.064491  -0.019336  
0.868535  0.000444  0.063246  -0.019263  
0.871681  0.000444  0.062499  -0.018955  
0.874779  0.000444  0.061503  -0.019092  
0.877829  0.000444  0.060756  -0.018995  
0.880829  0.000444  0.059511  -0.019116  
0.883784  0.000444  0.058764  -0.018775  
0.886690  0.000444  0.057768  -0.018880  
0.889548  0.000444  0.056772  -0.018749  
0.892359  0.000444  0.055776  -0.018609  
0.895122  0.000444  0.054780  -0.018460  
0.897839  0.000444  0.053784  -0.018302  
0.900509  0.000444  0.053037  -0.018135  
0.903131  0.000444  0.052041  -0.018186  
0.905708  0.000444  0.051045  -0.018000  
0.908239  0.000444  0.050298  -0.017805  
0.910724  0.000444  0.049302  -0.017827  
0.913163  0.000444  0.048306  -0.017612  
0.915558  0.000444  0.047310  -0.017388  
0.917908  0.000444  0.046563  -0.017155  
0.920213  0.000444  0.056959  -0.017138  
0.922474  0.000444  0.044820  -0.027248  
0.924691  0.000444  0.043824  -0.016848  
0.926863  0.000444  0.043077  -0.016575  
0.928989  0.000444  0.042081  -0.016518  
0.931065  0.000444  0.041085  -0.016224  
0.933092  0.000444  0.040089  -0.015917  
0.935073  0.000444  0.039342  -0.015599  
0.937010  0.000444  0.038346  -0.015495  
0.938906  0.000444  0.037599  -0.015155  
0.940763  0.000444  0.036603  -0.015030  
0.942580  0.000444  0.036105  -0.014670  
0.944358  0.000444  0.035358  -0.014753  
0.946098  0.000444  0.034362  -0.014600  
0.947799  0.000444  0.033615  -0.014210  
0.949464  0.000444  0.032868  -0.014038  
0.951092  0.000444  0.032370  -0.013856  
0.952684  0.000444  0.031374  -0.013892  
0.954240  0.000444  0.030876  -0.013465  
0.955759  0.000444  0.029880  -0.013481  
0.957244  0.000444  0.029382  -0.013035  
0.958694  0.000444  0.028635  -0.013033  
0.960111  0.000444  0.035171  -0.012796  
0.961493  0.000444  0.027390  -0.019175  
0.962843  0.000444  0.026643  -0.012520  
0.964159  0.000444  0.025896  -0.012255  
0.965440  0.000444  0.025398  -0.011981  
0.966685  0.000444  0.024651  -0.011924  
0.967894  0.000444  0.023904  -0.011630  
0.969069  0.000444  0.023157  -0.011326  
0.970212  0.000444  0.022410  -0.011012  
0.971326  0.000444  0.021912  -0.010690  
0.972411  0.000444  0.021414  -0.010585  
0.973466  0.000444  0.020916  -0.010473  
0.974495  0.000444  0.020418  -0.010352  
0.975496  0.000444  0.019920  -0.010223  
0.976469  0.000444  0.019422  -0.010086  
0.977417  0.000444  0.018675  -0.009942  
0.978338  0.000444  0.018177  -0.009563  
0.979235  0.000444  0.017928  -0.009403  
0.980105  0.000444  0.017181  -0.009463  
0.980950  0.000444  0.016683  -0.009062  
0.981771  0.000444  0.016185  -0.008879  
0.982569  0.000444  0.015687  -0.008690  
0.983342  0.000444  0.018986  -0.008494  
0.984093  0.000444  0.014691  -0.011744  
0.984821  0.000444  0.014193  -0.008080  
0.985527  0.000444  0.013944  -0.007862  
0.986210  0.000444  0.013446  -0.007865  
0.986870  0.000444  0.012948  -0.007634  
0.987506  0.000444  0.012450  -0.007396  
0.988121  0.000444  0.011952  -0.007151  
0.988717  0.000444  0.011703  -0.006899  
0.989293  0.000444  0.011454  -0.006867  
0.989849  0.000444  0.010956  -0.006830  
0.990389  0.000444  0.013073  -0.006560  
0.990910  0.000444  0.010209  -0.011892  
0.991413  0.000444  0.009711  -0.009287  
0.991900  0.000444  0.009462  -0.008834  
0.992367  0.000444  0.008964  -0.008607  
0.992813  0.000444  0.008715  -0.008154  
0.993233  0.000444  0.008217  -0.007928  
0.993633  0.000444  0.007968  -0.007475  
0.994009  0.000444  0.007221  -0.007248  
0.994365  0.000444  0.006972  -0.006569  
0.994701  0.000444  0.006723  -0.006342  
0.995017  0.000444  0.006225  -0.006116  
0.995315  0.000444  0.005727  -0.005663  
0.995595  0.000444  0.005229  -0.005210  
0.995860  0.000444  0.005229  -0.004757  
0.996104  0.000444  0.004980  -0.004757  
0.996338  0.000444  0.004482  -0.004530  
0.996560  0.000444  0.004233  -0.004077  
0.996768  0.000444  0.003984  -0.003851  
0.996965  0.000444  0.003984  -0.003624  
0.997149  0.000444  0.003486  -0.003624  
0.997323  0.000444  0.003486  -0.003171  
0.997488  0.000444  0.004046  -0.003171  
0.997642  0.000444  0.002988  -0.003681  
0.997788  0.000444  0.002988  -0.002718  
0.997925  0.000444  0.002739  -0.002718  
0.998053  0.000444  0.002490  -0.002492  
0.998174  0.000444  0.002241  -0.002265  
0.998287  0.000444  0.002241  -0.002039  
0.998393  0.000444  0.001992  -0.002039  
0.998492  0.000444  0.001992  -0.001812  
0.998586  0.000444  0.001992  -0.001812  
0.998673  0.000444  0.001494  -0.001812  
0.998756  0.000444  0.001743  -0.001359  
0.998835  0.000444  0.001743  -0.001586  
0.000000  0.000000  0.000000  0.000000  
0.000000  0.000000  0.000000  0.000000  
0.000000  0.000000  0.000000  0.000000  
0.000000  0.000000  0.000000  0.000000  
0.000000  0.000000  0.000000  0.000000  
0.000000  0.000000  0.000000  0.000000  
0.000000  0.000000  0.000000  0.000000  
0.000000  0.000000  0.000000  0.000000  
0.000000  0.000000  0.000000  0.000000  
0.000000  0.000000  0.000000  0.000000  
0.000000  0.000000  0.000000  0.000000  
0.000000  0.000000  0.000000  0.000000  
0.000000  0.000000  0.000000  0.000000  
0.000000  0.000000  0.000000  0.000000  
0.000000  0.000000  0.000000  0.000000  
0.000000  0.000000  0.000000  0.000000  
0.000000  0.000000  0.000000  0.000000  
0.000000  0.000000  0.000000  0.000000  
0.000000  0.000000  0.000000  0.000000  
0.000000  0.000000  0.000000  0.000000  
0.000000  0.000000  0.000000  0.000000  
0.000000  0.000000  0.000000  0.000000  
0.000000  0.000000  0.000000  0.000000  
0.000000  0.000000  0.000000  0.000000  
0.000000  0.000000  0.000000  0.000000  
0.000000  0.000000  0.000000  0.000000  
0.000000  0.000000  0.000000  0.000000  
0.000000  0.000000  0.000000  0.000000  
0.000000  0.000000  0.000000  0.000000  
0.000000  0.000000  0.000000  0.000000  
