0.000000  -0.000000  0.000000  0.000000  
0.000000  -0.000000  0.000000  0.005368  
0.000000  -0.000000  0.000000  0.005408  
0.000001  -0.000000  0.000000  0.005474  
0.000005  -0.000000  0.000000  0.005567  
0.000015  -0.000000  0.000249  0.005686  
0.000035  -0.000000  0.000498  0.005605  
0.000068  -0.000000  0.000747  0.005551  
0.000116  -0.000000  0.001245  0.005523  
0.000177  -0.000000  0.001494  0.005294  
0.000251  -0.000000  0.001743  0.005319  
0.000340  -0.000000  0.001992  0.005369  
0.000442  -0.000000  0.001992  0.005446  
0.000559  -0.000000  0.002490  0.005775  
0.000688  -0.000000  0.002739  0.005678  
0.000832  -0.000000  0.002988  0.005833  
0.000987  -0.000000  0.003237  0.006013  
0.001158  -0.000000  0.003486  0.006220  
0.001343  -0.000000  0.003984  0.006452  
0.001543  -0.000000  0.004233  0.006484  
0.001755  -0.000000  0.004233  0.006767  
0.001986  -0.000000  0.004731  0.007303  
0.002230  -0.000000  0.004980  0.007411  
0.002491  -0.000000  0.004340  0.007770  
0.002769  -0.000000  0.005478  0.008964  
0.003065  -0.000000  0.006225  0.008565  
0.003379  -0.000000  0.005373  0.008546  
0.003711  -0.000000  0.006723  0.010006  
0.004065  -0.000000  0.007221  0.009489  
0.004441  -0.000000  0.007719  0.009770  
0.004837  -0.000000  0.006613  0.010076  
0.005258  -0.000000  0.008715  0.011865  
0.005701  -0.000000  0.011205  0.010759  
0.006169  -0.000000  0.009462  0.009323  
0.006663  -0.000000  0.010209  0.011763  
0.007182  -0.000000  0.010458  0.011961  
0.007730  -0.000000  0.011205  0.012634  
0.008303  -0.000000  0.011703  0.012877  
0.008904  -0.000000  0.012450  0.013370  
0.009534  -0.000000  0.010747  0.013658  
0.010194  -0.000000  0.013446  0.016198  
0.010886  -0.000000  0.017741  0.014753  
0.011611  -0.000000  0.018364  0.011879  
0.012370  -0.000000  0.012814  0.012367  
0.013166  -0.000000  0.016434  0.018493  
0.013998  -0.000000  0.014054  0.016295  
0.014863  -0.000000  0.017430  0.019579  
0.015764  -0.000000  0.015294  0.017644  
0.016702  -0.000000  0.015707  0.020745  
0.017683  -0.000000  0.020169  0.021546  
0.018707  -0.000000  0.020916  0.018681  
0.019778  -0.000000  0.018187  0.019216  
0.020897  -0.000000  0.028324  0.022933  
0.022068  -0.000000  0.023904  0.014960  
0.023288  -0.000000  0.031125  0.020250  
0.024558  -0.000000  0.025896  0.014965  
0.025876  -0.000000  0.026892  0.021026  
0.027242  -0.000000  0.027888  0.021439  
0.028654  -0.000000  0.028635  0.021868  
0.030112  -0.000000  0.029631  0.022539  
0.031617  -0.000000  0.030627  0.022999  
0.033172  -0.000000  0.031374  0.023475  
0.034782  -0.000000  0.032619  0.024191  
0.036446  -0.000000  0.033864  0.024468  
0.038167  -0.000000  0.034860  0.024758  
0.039946  -0.000000  0.036105  0.025288  
0.041785  -0.000000  0.037350  0.025604  
0.043683  -0.000000  0.038595  0.025932  
0.045644  -0.000000  0.039840  0.026271  
0.047667  -0.000000  0.041085  0.026622  
0.049754  -0.000000  0.042330  0.026982  
0.051905  -0.000000  0.043824  0.027353  
0.054122  -0.000000  0.045069  0.027506  
0.056404  -0.000000  0.046314  0.027894  
0.058752  -0.000000  0.059449  0.028291  
0.061170  -0.000000  0.049053  0.017876  
0.063655  -0.000000  0.050298  0.028880  
0.066208  -0.000000  0.042781  0.029297  
0.068828  -0.000000  0.053037  0.037694  
0.071509  -0.000000  0.054282  0.029924  
0.074257  -0.000000  0.055527  0.030358  
0.077077  -0.000000  0.057021  0.030797  
0.079973  -0.000000  0.058515  0.031012  
0.082951  -0.000000  0.060258  0.031230  
0.086007  -0.000000  0.061752  0.031224  
0.089141  -0.000000  0.063495  0.031445  
0.092351  -0.000000  0.064740  0.031441  
0.095639  -0.000000  0.066483  0.031890  
0.099005  -0.000000  0.067977  0.031885  
0.102449  -0.000000  0.069471  0.032106  
0.105972  -0.000000  0.071214  0.032325  
0.109574  -0.000000  0.072708  0.032315  
0.113257  -0.000000  0.074451  0.032528  
0.117018  -0.000000  0.075945  0.032511  
0.120860  -0.000444  0.077439  0.032716  
0.124783  -0.000444  0.079182  -0.365269  
0.128787  -0.000444  0.100845  0.032884  
0.132837  -0.000444  0.080676  0.014721  
0.136784  -0.000444  0.077190  0.034615  
0.140511  -0.000444  0.072957  0.039337  
0.144071  -0.000444  0.070218  0.044755  
0.147548  -0.000444  0.069222  0.048827  
0.151031  -0.000444  0.070218  0.051320  
0.154590  -0.000444  0.071961  0.051998  
0.158251  -0.000444  0.074202  0.051989  
0.162025  -0.000444  0.076443  0.051516  
0.165922  -0.000444  0.078933  0.051031  
0.169946  -0.000444  0.081672  0.050305  
0.174099  -0.000444  0.084411  0.049338  
0.178380  -0.000444  0.086901  0.048354  
0.182789  -0.000444  0.089142  0.047579  
0.187326  -0.000444  0.091881  0.047013  
0.191986  -0.000444  0.094371  0.045975  
0.196768  -0.000444  0.096612  0.045145  
0.201671  -0.000444  0.099102  0.044521  
0.206692  -0.000444  0.101343  0.043651  
0.211830  -0.000444  0.103833  0.042985  
0.217081  -0.000444  0.106074  0.042072  
0.222445  -0.000444  0.108315  0.041363  
0.227919  -0.000444  0.110556  0.040631  
0.233501  -0.000444  0.112548  0.039875  
0.239189  -0.000444  0.114540  0.039322  
0.244982  -0.000444  0.116781  0.038745  
0.250878  -0.000444  0.118773  0.037916  
0.256874  -0.000444  0.120765  0.037289  
0.262970  -0.000444  0.122757  0.036635  
0.269162  -0.000444  0.124500  0.035955  
0.275452  -0.000444  0.126741  0.035474  
0.281835  -0.000444  0.128484  0.034513  
0.288311  -0.000444  0.130476  0.033977  
0.294877  -0.000444  0.132219  0.033186  
0.301533  -0.000444  0.133962  0.032593  
0.308276  -0.000444  0.135705  0.031970  
0.315104  -0.000444  0.137448  0.031318  
0.322017  -0.000889  0.138942  0.030636  
0.329012  -0.000889  0.140685  -0.365269  
0.336088  -0.000889  0.142180  0.029406  
0.343207  -0.001333  0.141931  0.028858  
0.350221  -0.001333  0.138444  0.029869  
0.357014  -0.001333  0.133962  0.033819  
0.363641  -0.001333  0.164341  0.038685  
0.370192  -0.001333  0.130725  0.011838  
0.376748  -0.001333  0.131721  0.043204  
0.383373  -0.001333  0.133215  0.043060  
0.390072  -0.001333  0.134460  0.042432  
0.396849  -0.001333  0.136203  0.042000  
0.403710  -0.001333  0.137946  0.041081  
0.410666  -0.001333  0.139938  0.040129  
0.417723  -0.001333  0.141931  0.038914  
0.424884  -0.001333  0.144172  0.037662  
0.432150  -0.001333  0.146413  0.036144  
0.439515  -0.001333  0.148156  0.034586  
0.446980  -0.001333  0.150148  0.033443  
0.454541  -0.001333  0.152140  0.032033  
0.462194  -0.000889  0.153883  0.030584  
0.469936  -0.000889  0.155626  0.029321  
0.477763  -0.000444  0.157369  0.028019  
0.485671  -0.000444  0.158863  0.026677  
0.493658  -0.000444  0.160357  0.025522  
0.501721  -0.000444  0.161851  0.024328  
0.509854  -0.000000  0.163096  0.023095  
0.518058  -0.000000  0.164590  0.022049  
0.526326  -0.000000  0.207604  0.020738  
0.534656  -0.000000  0.167080  -0.018387  
0.543046  -0.000444  0.168325  0.018454  
0.551490  -0.000444  0.169321  0.017254  
0.559968  -0.000444  0.169819  0.016243  
0.568469  -0.000444  0.170068  0.015651  
0.576995  -0.000444  0.170566  0.015254  
0.585552  -0.000444  0.171562  0.014596  
0.594143  -0.000444  0.172309  0.013452  
0.602775  -0.000444  0.173056  0.012499  
0.611444  -0.000444  0.173803  0.011511  
0.620152  -0.000444  0.218187  0.010486  
0.628893  -0.000444  0.175048  -0.030276  
0.637666  -0.000444  0.175795  0.008556  
0.646464  -0.000444  0.176044  0.007425  
0.655278  -0.000444  0.176293  0.006713  
0.664090  -0.000444  0.176044  0.005968  
0.672893  -0.000444  0.176044  0.005649  
0.681696  -0.000444  0.176293  0.005075  
0.690514  -0.000444  0.176542  0.004246  
0.699349  -0.000444  0.176791  0.003385  
0.708198  -0.000444  0.177040  0.002492  
0.717060  -0.000444  0.177289  0.001567  
0.725935  -0.000444  0.177538  0.000610  
0.734818  -0.000444  0.177787  -0.000378  
0.743710  -0.000444  0.178036  -0.001397  
0.752605  -0.000444  0.178036  -0.002446  
0.761504  -0.000444  0.178036  -0.003298  
0.770403  -0.000444  0.177787  -0.004179  
0.779301  -0.000444  0.178036  -0.004862  
0.788192  -0.000444  0.177787  -0.006027  
0.797078  -0.000444  0.177538  -0.006765  
0.805955  -0.000444  0.177538  -0.007531  
0.814821  -0.000444  0.221611  -0.008548  
0.823673  -0.000444  0.177040  -0.049688  
0.832507  -0.000444  0.176542  -0.010207  
0.841319  -0.000444  0.176044  -0.010846  
0.850099  -0.000444  0.175297  -0.011507  
0.858830  -0.000444  0.174052  -0.011961  
0.867503  -0.000000  0.173056  -0.011979  
0.876131  0.000444  0.172309  -0.012236  
0.884729  0.000444  0.171811  -0.012736  
0.893297  0.000889  0.171064  -0.013482  
0.901835  0.001333  0.170317  -0.014020  
0.910343  0.001333  0.212273  -0.014578  
0.918821  0.001333  0.169321  -0.054003  
0.927264  0.001333  0.168574  -0.016201  
0.935671  0.001777  0.167578  -0.016812  
0.944023  0.001777  0.166333  -0.017212  
0.952310  0.001777  0.165088  -0.017398  
0.960533  0.001777  0.163843  -0.017592  
0.968702  0.001777  0.163096  -0.017795  
0.976821  0.001333  0.162100  -0.018462  
0.984894  0.001333  0.161104  -0.018913  
0.992926  0.001333  0.160108  -0.019376  
1.000913  0.001333  0.159361  -0.019852  
1.008853  0.001333  0.158365  -0.020566  
1.016748  0.001333  0.157369  -0.021064  
1.024595  0.001333  0.156622  -0.021573  
1.032393  0.001333  0.155377  -0.022318  
1.040140  0.001333  0.154630  -0.022620  
1.047836  0.001333  0.153385  -0.023383  
1.055477  0.001333  0.152389  -0.023700  
1.063064  0.001333  0.151144  -0.024252  
1.070597  0.001333  0.150148  -0.024583  
1.078070  0.001333  0.148903  -0.025146  
1.085486  0.001333  0.184572  -0.025488  
1.092841  0.001333  0.146413  -0.059417  
1.100136  0.001333  0.145168  -0.026184  
1.107365  0.001333  0.143923  -0.026537  
1.114517  0.001333  0.142429  -0.026892  
1.121578  0.001333  0.140436  -0.027018  
1.128554  0.001333  0.138693  -0.026684  
1.135452  0.001333  0.137199  -0.026572  
1.142277  0.001333  0.135954  -0.026684  
1.149033  0.001333  0.134460  -0.027019  
1.155724  0.001333  0.133215  -0.027126  
1.162347  0.001333  0.131721  -0.027458  
1.168905  0.001333  0.130725  -0.027561  
1.175394  0.001333  0.129231  -0.028115  
1.181815  0.001333  0.127737  -0.028214  
1.188169  0.001333  0.126492  -0.028308  
1.194454  0.001333  0.124998  -0.028626  
1.200670  0.001333  0.123753  -0.028713  
1.206814  0.001333  0.122259  -0.029022  
1.212890  0.001333  0.121014  -0.029098  
1.218892  0.001333  0.119271  -0.029396  
1.224824  0.001333  0.118026  -0.029233  
1.230683  0.001333  0.116532  -0.029518  
1.236471  0.001333  0.115038  -0.029568  
1.242184  0.001777  0.113544  -0.029610  
1.247826  0.002221  0.112050  -0.029644  
1.253393  0.002221  0.110556  -0.365264  
1.258879  0.002221  0.108813  -0.029687  
1.264247  0.002666  0.106074  -0.029465  
1.269440  0.002666  0.101592  -0.028315  
1.274340  0.002666  0.094620  -0.025539  
1.278880  0.002666  0.088146  -0.020424  
1.283190  0.002666  0.085158  -0.015667  
1.287407  0.002666  0.083664  -0.014023  
1.291558  0.002666  0.082419  -0.013720  
1.295651  0.002666  0.081423  -0.013633  
1.299697  0.002666  0.080427  -0.013764  
1.303704  0.002666  0.079929  -0.013889  
1.307673  0.002666  0.079182  -0.014464  
1.311607  0.002666  0.078186  -0.014809  
1.315508  0.002221  0.077688  -0.014924  
1.319374  0.002221  0.076941  -0.015490  
1.323203  0.001777  0.076194  -0.015827  
1.326997  0.001777  0.075447  -0.016160  
1.330753  0.001777  0.093375  -0.016490  
1.334472  0.001777  0.073953  -0.033804  
1.338151  0.001777  0.073206  -0.017136  
1.341789  0.001777  0.072210  -0.017451  
1.345378  0.001777  0.071214  -0.017534  
1.348912  0.001777  0.070218  -0.017609  
1.352395  0.001777  0.068973  -0.017673  
1.355828  0.001777  0.068226  -0.017501  
1.359215  0.001777  0.067479  -0.017773  
1.362556  0.001333  0.066483  -0.018036  
1.365855  0.001333  0.065487  -0.018064  
1.369109  0.000889  0.064740  -0.018085  
1.372319  0.000889  0.063993  -0.365268  
1.375475  0.000889  0.062499  -0.018554  
1.378541  0.000889  0.060258  -0.018094  
1.381458  0.000889  0.056274  -0.016931  
1.384104  0.000889  0.049800  -0.014140  
1.386407  0.000889  0.043824  -0.009004  
1.388504  0.000889  0.041085  -0.004217  
1.390534  0.000889  0.040338  -0.002314  
1.392527  0.000889  0.039591  -0.002206  
1.394493  0.000889  0.039093  -0.002089  
1.396439  0.000889  0.038844  -0.002193  
1.398374  0.000889  0.038595  -0.002520  
1.400301  0.000889  0.038595  -0.002847  
1.402222  0.000889  0.038346  -0.003401  
1.404138  0.001333  0.038346  -0.003729  
1.406048  0.001333  0.038346  -0.004285  
1.407951  0.001777  0.038097  -0.004842  
1.409845  0.002221  0.037848  -0.005172  
1.411732  0.002221  0.037599  -0.365264  
1.413599  0.002666  0.037101  -0.005834  
1.415409  0.003110  0.035358  -0.005935  
1.417098  0.003110  0.039840  -0.365258  
1.418539  0.003110  0.025896  -0.009465  
1.419626  0.003110  0.018426  0.002796  
1.420368  0.003554  0.011952  0.009281  
1.420804  0.003554  0.006225  0.014970  
1.421019  0.003554  0.002739  0.020078  
1.421103  0.003554  0.000996  0.023218  
1.421139  0.003554  0.000747  0.024815  
1.421195  0.003554  0.001494  0.025067  
1.421292  0.003554  0.002490  0.024407  
1.421440  0.003554  0.003486  0.023506  
1.421646  0.003554  0.005914  0.022588  
1.421912  0.003554  0.005976  0.020348  
1.422238  0.003110  0.006972  0.020239  
1.422624  0.002666  0.008217  0.019260  
1.423067  0.002666  0.009213  0.018035  
1.423565  0.002666  0.010458  0.017016  
1.424114  0.002666  0.011454  0.015752  
1.424712  0.002666  0.012450  0.014696  
1.425357  0.002666  0.013446  0.013624  
1.426045  0.002666  0.014193  0.012535  
1.426775  0.001777  0.014940  0.011657  
1.427543  0.000889  0.019609  0.010765  
1.428346  -0.000000  0.016434  0.006291  
1.429182  -0.001333  0.016932  0.008939  
1.430048  -0.001777  0.017430  -0.365268  
1.430933  -0.002666  0.017679  0.007519  
1.431797  -0.003110  0.016683  0.007023  
1.432578  -0.003554  0.014193  0.007665  
1.433143  -0.003554  0.008466  0.009694  
1.433420  -0.003554  0.003735  0.014738  
1.433545  -0.003554  0.002241  0.018973  
1.433666  -0.003554  0.002739  0.020313  
1.433811  -0.003554  0.004046  0.019842  
1.433986  -0.003554  0.003735  0.018627  
1.434200  -0.003110  0.004482  0.018873  
1.434462  -0.003110  0.005727  0.018143  
1.434770  -0.003110  0.006723  0.016944  
1.435127  -0.003110  0.007470  0.015954  
1.435531  -0.003110  0.008466  0.015175  
0.000000  0.000000  0.000000  0.000000  
0.000000  0.000000  0.000000  0.000000  
0.000000  0.000000  0.000000  0.000000  
0.000000  0.000000  0.000000  0.000000  
0.000000  0.000000  0.000000  0.000000  
0.000000  0.000000  0.000000  0.000000  
0.000000  0.000000  0.000000  0.000000  
0.000000  0.000000  0.000000  0.000000  
0.000000  0.000000  0.000000  0.000000  
0.000000  0.000000  0.000000  0.000000  
0.000000  0.000000  0.000000  0.000000  
0.000000  0.000000  0.000000  0.000000  
0.000000  0.000000  0.000000  0.000000  
0.000000  0.000000  0.000000  0.000000  
0.000000  0.000000  0.000000  0.000000  
0.000000  0.000000  0.000000  0.000000  
0.000000  0.000000  0.000000  0.000000  
0.000000  0.000000  0.000000  0.000000  
0.000000  0.000000  0.000000  0.000000  
0.000000  0.000000  0.000000  0.000000  
0.000000  0.000000  0.000000  0.000000  
0.000000  0.000000  0.000000  0.000000  
0.000000  0.000000  0.000000  0.000000  
0.000000  0.000000  0.000000  0.000000  
0.000000  0.000000  0.000000  0.000000  
0.000000  0.000000  0.000000  0.000000  
0.000000  0.000000  0.000000  0.000000  
0.000000  0.000000  0.000000  0.000000  
0.000000  0.000000  0.000000  0.000000  
0.000000  0.000000  0.000000  0.000000  
0.000000  0.000000  0.000000  0.000000  
0.000000  0.000000  0.000000  0.000000  
0.000000  0.000000  0.000000  0.000000  
0.000000  0.000000  0.000000  0.000000  
0.000000  0.000000  0.000000  0.000000  
0.000000  0.000000  0.000000  0.000000  
0.000000  0.000000  0.000000  0.000000  
0.000000  0.000000  0.000000  0.000000  
0.000000  0.000000  0.000000  0.000000  
0.000000  0.000000  0.000000  0.000000  
0.000000  0.000000  0.000000  0.000000  
0.000000  0.000000  0.000000  0.000000  
0.000000  0.000000  0.000000  0.000000  
0.000000  0.000000  0.000000  0.000000  
0.000000  0.000000  0.000000  0.000000  
0.000000  0.000000  0.000000  0.000000  
0.000000  0.000000  0.000000  0.000000  
0.000000  0.000000  0.000000  0.000000  
0.000000  0.000000  0.000000  0.000000  
0.000000  0.000000  0.000000  0.000000  
0.000000  0.000000  0.000000  0.000000  
0.000000  0.000000  0.000000  0.000000  
0.000000  0.000000  0.000000  0.000000  
0.000000  0.000000  0.000000  0.000000  
0.000000  0.000000  0.000000  0.000000  
