0.000000  -0.000000  0.000000  0.000000  
0.000000  -0.000000  0.000000  0.003579  
0.000000  -0.000000  0.000000  0.003605  
0.000000  -0.000000  0.000000  0.003650  
0.000002  -0.000000  0.000000  0.003711  
0.000010  -0.000000  0.000249  0.003791  
0.000022  -0.000000  0.000249  0.003661  
0.000045  -0.000000  0.000498  0.003776  
0.000076  -0.000000  0.000747  0.003682  
0.000117  -0.000000  0.000996  0.003605  
0.000167  -0.000000  0.000996  0.003546  
0.000225  -0.000000  0.001245  0.003730  
0.000294  -0.000000  0.001494  0.003706  
0.000371  -0.000000  0.001494  0.003699  
0.000458  -0.000000  0.001743  0.003936  
0.000554  -0.000000  0.001992  0.003964  
0.000659  -0.000000  0.002801  0.004009  
0.000772  -0.000000  0.002241  0.003561  
0.000896  -0.000000  0.002739  0.004377  
0.001030  -0.000000  0.002739  0.004247  
0.001173  -0.000000  0.002988  0.004587  
0.001325  -0.000000  0.002988  0.004718  
0.001488  -0.000000  0.003237  0.005092  
0.001662  -0.000000  0.003486  0.005256  
0.001846  -0.000000  0.003735  0.005437  
0.002043  -0.000000  0.003984  0.005634  
0.002251  -0.000000  0.004233  0.005848  
0.002473  -0.000000  0.004482  0.006079  
0.002708  -0.000000  0.004980  0.006326  
0.002956  -0.000000  0.004980  0.006362  
0.003218  -0.000000  0.005229  0.006868  
0.003496  -0.000000  0.005727  0.007164  
0.003790  -0.000000  0.005976  0.007248  
0.004099  -0.000000  0.006474  0.007575  
0.004424  -0.000000  0.006723  0.007691  
0.004767  -0.000000  0.007221  0.008049  
0.005127  -0.000000  0.007221  0.008196  
0.005507  -0.000000  0.007719  0.008812  
0.005905  -0.000000  0.010271  0.008989  
0.006323  -0.000000  0.008715  0.007312  
0.006762  -0.000000  0.008964  0.009388  
0.007221  -0.000000  0.009462  0.009836  
0.007700  -0.000000  0.009711  0.010072  
0.008202  -0.000000  0.010209  0.010549  
0.008726  -0.000000  0.010707  0.010813  
0.009274  -0.000000  0.011205  0.011091  
0.009845  -0.000000  0.011703  0.011383  
0.010443  -0.000000  0.012201  0.011688  
0.011067  -0.000000  0.012699  0.012007  
0.011718  -0.000000  0.016496  0.012338  
0.012398  -0.000000  0.013944  0.009680  
0.013105  -0.000000  0.014442  0.012813  
0.013843  -0.000000  0.015189  0.013182  
0.014609  -0.000000  0.015438  0.013336  
0.015404  -0.000000  0.015936  0.013956  
0.016230  -0.000000  0.016683  0.014361  
0.017086  -0.000000  0.017430  0.014550  
0.017975  -0.000000  0.018177  0.014751  
0.018899  -0.000000  0.018924  0.014962  
0.019857  -0.000000  0.019422  0.015184  
0.020851  -0.000000  0.020169  0.015642  
0.021882  -0.000000  0.020916  0.015884  
0.022950  -0.000000  0.021663  0.016136  
0.024056  -0.000000  0.022410  0.016396  
0.025200  -0.000000  0.023157  0.016666  
0.026384  -0.000000  0.024153  0.016944  
0.027608  -0.000000  0.024900  0.017004  
0.028872  -0.000000  0.025647  0.017298  
0.030178  -0.000000  0.026643  0.017600  
0.031525  -0.000000  0.027390  0.017683  
0.032914  -0.000000  0.028137  0.017999  
0.034347  -0.000000  0.036416  0.018322  
0.035823  -0.000000  0.029880  0.011797  
0.037343  -0.000000  0.030876  0.018759  
0.038906  -0.000000  0.031623  0.018873  
0.040514  -0.000000  0.032370  0.019219  
0.042162  -0.000000  0.033366  0.019569  
0.043852  -0.000000  0.034113  0.019697  
0.045585  -0.000000  0.035109  0.020056  
0.047365  -0.000000  0.035856  0.020192  
0.049194  -0.000000  0.036852  0.020558  
0.051073  -0.000000  0.038097  0.020700  
0.053000  -0.000000  0.048866  0.020617  
0.054977  -0.000000  0.039840  0.011871  
0.057006  -0.000000  0.041085  0.021138  
0.059084  -0.000000  0.042081  0.021060  
0.061211  -0.000000  0.043077  0.021209  
0.063383  -0.000000  0.044073  0.021358  
0.065602  -0.000000  0.044820  0.021508  
0.067870  -0.000000  0.045816  0.021884  
0.070188  -0.000000  0.046812  0.022032  
0.072560  -0.000000  0.047808  0.022179  
0.074987  -0.000000  0.049053  0.022324  
0.077467  -0.000000  0.050049  0.022240  
0.080001  -0.000000  0.051294  0.022380  
0.082591  -0.000000  0.052290  0.022289  
0.085235  -0.000000  0.053286  0.022422  
0.087937  -0.000000  0.054531  0.022550  
0.090694  -0.000000  0.055527  0.022446  
0.093506  -0.000000  0.056772  0.022564  
0.096375  -0.000000  0.057768  0.022450  
0.099299  -0.000000  0.059013  0.022556  
0.102280  -0.000000  0.060009  0.022429  
0.105316  -0.000000  0.061254  0.022521  
0.108410  -0.000000  0.062499  0.022379  
0.111559  -0.000000  0.063495  0.022230  
0.114765  -0.000000  0.064491  0.022298  
0.118026  -0.000000  0.065736  0.022358  
0.121344  -0.000000  0.066981  0.022182  
0.124717  -0.000000  0.067977  0.021996  
0.128147  -0.000000  0.069222  0.022026  
0.131632  -0.000000  0.070218  0.021819  
0.135173  -0.000000  0.071463  0.021828  
0.138768  -0.000000  0.072459  0.021599  
0.142419  -0.000000  0.073455  0.021584  
0.146125  -0.000000  0.093375  0.021558  
0.149885  -0.000000  0.075696  0.021558  
0.153698  -0.000000  0.076692  0.021239  
0.157568  -0.000000  0.077937  0.021173  
0.161490  -0.000000  0.078933  0.020866  
0.165466  -0.000000  0.080178  0.020772  
0.169495  -0.000000  0.080925  0.020436  
0.173577  -0.000000  0.081921  0.020539  
0.177713  -0.000000  0.083166  0.020399  
0.181900  -0.000000  0.084162  0.020017  
0.186138  -0.000000  0.085158  0.019845  
0.190428  -0.000000  0.107693  0.019657  
0.194770  -0.000000  0.087399  0.019657  
0.199161  -0.000000  0.088395  0.019003  
0.203602  -0.000000  0.089142  0.018763  
0.208093  -0.000000  0.090138  0.018732  
0.212633  -0.000000  0.091383  0.018456  
0.217221  -0.000000  0.092379  0.017935  
0.221856  -0.000000  0.093126  0.017622  
0.226539  -0.000000  0.094122  0.017516  
0.231267  -0.000000  0.095118  0.017164  
0.236040  -0.000000  0.095865  0.016793  
0.240859  -0.000000  0.096612  0.016628  
0.245722  -0.000000  0.097608  0.016443  
0.250628  -0.000000  0.098604  0.016012  
0.255576  -0.000000  0.099351  0.015560  
0.260566  -0.000000  0.100098  0.015313  
0.265598  -0.000000  0.101094  0.015046  
0.270669  -0.000000  0.101592  0.014531  
0.275781  -0.000000  0.102588  0.014448  
0.280932  -0.000000  0.103335  0.013890  
0.286119  -0.000000  0.104082  0.013537  
0.291345  -0.000000  0.104829  0.013162  
0.296606  -0.000000  0.105576  0.012765  
0.301902  -0.000000  0.106323  0.012347  
0.307233  -0.000000  0.107070  0.011906  
0.312597  -0.000000  0.107568  0.011442  
0.317994  -0.000000  0.108066  0.011183  
0.323422  -0.000000  0.108813  0.010902  
0.328880  -0.000000  0.109311  0.010371  
0.334368  -0.000000  0.110058  0.010045  
0.339885  -0.000000  0.110556  0.009469  
0.345429  -0.000000  0.111303  0.009098  
0.350999  -0.000000  0.111801  0.008477  
0.356594  -0.000000  0.112050  0.008060  
0.362214  -0.000000  0.112548  0.007847  
0.367858  -0.000000  0.113046  0.007386  
0.373522  -0.000000  0.113544  0.006901  
0.379208  -0.000000  0.113793  0.006394  
0.384916  -0.000000  0.114291  0.006092  
0.390640  -0.000000  0.114789  0.005540  
0.396383  -0.000000  0.115038  0.004966  
0.402143  -0.000000  0.115287  0.004597  
0.407918  -0.000000  0.115785  0.004206  
0.413707  -0.000000  0.116034  0.003566  
0.419510  -0.000000  0.096515  0.003131  
0.425325  -0.000000  0.116283  0.003131  
0.431151  -0.000000  0.116532  0.002423  
0.436987  -0.000000  0.116781  0.001923  
0.442831  -0.000000  0.116781  0.001403  
0.448683  -0.000000  0.117279  0.001088  
0.454542  -0.000000  0.117279  0.000299  
0.460406  -0.000000  0.117279  -0.000057  
0.466274  -0.000000  0.117279  -0.000433  
0.472147  -0.000000  0.097549  -0.000830  
0.478019  -0.000000  0.117528  -0.000830  
0.483893  -0.000000  0.117528  -0.001908  
0.489767  -0.000000  0.117528  -0.002364  
0.495639  -0.000000  0.117528  -0.002838  
0.501509  -0.000000  0.117528  -0.003331  
0.507374  -0.000000  0.117279  -0.003842  
0.513236  -0.000000  0.117030  -0.004145  
0.519091  -0.000000  0.117030  -0.004466  
0.524937  -0.000000  0.116719  -0.005032  
0.530777  -0.000000  0.116781  -0.005331  
0.536604  -0.000000  0.116532  -0.005987  
0.542422  -0.000000  0.116283  -0.006375  
0.548228  -0.000000  0.116034  -0.006781  
0.554021  -0.000000  0.115785  -0.007202  
0.559800  -0.000000  0.115536  -0.007638  
0.565563  -0.000000  0.115038  -0.008090  
0.571310  -0.000000  0.114789  -0.008330  
0.577041  -0.000000  0.114540  -0.008810  
0.582752  -0.000000  0.114042  -0.009305  
0.588444  -0.000000  0.113793  -0.009587  
0.594115  -0.000000  0.113295  -0.010108  
0.599765  -0.000000  0.112797  -0.010416  
0.605392  -0.000000  0.112299  -0.010736  
0.610996  -0.000000  0.111801  -0.011068  
0.616576  -0.000000  0.111303  -0.011412  
0.622130  -0.000000  0.111054  -0.011767  
0.627657  -0.000000  0.110307  -0.012359  
0.633157  -0.000000  0.109809  -0.012509  
0.638630  -0.000000  0.109311  -0.012895  
0.644073  -0.000000  0.108813  -0.013290  
0.649486  -0.000000  0.108066  -0.013695  
0.654869  -0.000000  0.107568  -0.013882  
0.660218  -0.000000  0.106572  -0.014304  
0.665537  -0.000000  0.106074  -0.014280  
0.670821  -0.000000  0.105327  -0.014717  
0.676071  -0.000000  0.104829  -0.014935  
0.681285  -0.000000  0.103833  -0.015385  
0.686464  -0.000000  0.103086  -0.015389  
0.691607  -0.000000  0.102588  -0.015625  
0.696713  -0.000000  0.101592  -0.016093  
0.701782  -0.000000  0.101094  -0.016112  
0.706811  -0.000000  0.100098  -0.016590  
0.711803  -0.000000  0.099600  -0.016618  
0.716754  -0.000000  0.098604  -0.017104  
0.721666  -0.000000  0.097857  -0.017140  
0.726536  -0.000000  0.097110  -0.017405  
0.731364  -0.000000  0.096114  -0.017673  
0.736151  -0.000000  0.095367  -0.017716  
0.740895  -0.000000  0.094371  -0.017988  
0.745596  -0.000000  0.093624  -0.018035  
0.750253  -0.000000  0.092628  -0.018309  
0.754866  -0.000000  0.091881  -0.018358  
0.759435  -0.000000  0.091134  -0.018633  
0.763958  -0.000000  0.090138  -0.018908  
0.768437  -0.000000  0.089142  -0.018956  
0.772869  -0.000000  0.088146  -0.019003  
0.777255  -0.000000  0.087399  -0.019049  
0.781594  -0.000000  0.086403  -0.019320  
0.785887  -0.000000  0.085656  -0.019363  
0.790131  -0.000000  0.084411  -0.019630  
0.794328  -0.000000  0.083415  -0.019441  
0.798477  -0.000000  0.082668  -0.019476  
0.802577  -0.000000  0.081423  -0.019734  
0.806630  -0.000000  0.100534  -0.019535  
0.810634  -0.000000  0.079680  -0.019535  
0.814589  -0.000000  0.078684  -0.019806  
0.818495  -0.000000  0.077688  -0.019822  
0.822352  -0.000000  0.076692  -0.019833  
0.826159  -0.000000  0.075696  -0.019840  
0.829917  -0.000000  0.074700  -0.019841  
0.833628  -0.000000  0.073953  -0.019836  
0.837287  -0.000000  0.072708  -0.020053  
0.840897  -0.000000  0.071712  -0.019810  
0.844458  -0.000000  0.070716  -0.019788  
0.847969  -0.000000  0.069720  -0.019759  
0.851430  -0.000000  0.068724  -0.019724  
0.854841  -0.000000  0.067728  -0.019681  
0.858204  -0.000000  0.066732  -0.019632  
0.861517  -0.000000  0.065985  -0.019575  
0.864780  -0.000000  0.064989  -0.019737  
0.867993  -0.000000  0.063744  -0.019666  
0.871158  -0.000000  0.062748  -0.019359  
0.874274  -0.000000  0.062001  -0.019271  
0.877341  -0.000000  0.060756  -0.019402  
0.880359  -0.000000  0.060009  -0.019071  
0.883328  -0.000000  0.059013  -0.019185  
0.886248  -0.000000  0.057768  -0.019064  
0.889120  -0.000000  0.057021  -0.018707  
0.891945  -0.000000  0.056025  -0.018794  
0.894721  -0.000000  0.055278  -0.018646  
0.897449  -0.000000  0.054033  -0.018715  
0.900131  -0.000000  0.053037  -0.018322  
0.902765  -0.000000  0.052290  -0.018146  
0.905354  -0.000000  0.051294  -0.018188  
0.907895  -0.000000  0.050547  -0.017993  
0.910390  -0.000000  0.049551  -0.018015  
0.912838  -0.000000  0.048555  -0.017802  
0.915243  -0.000000  0.047808  -0.017578  
0.917601  -0.000000  0.046812  -0.017571  
0.919914  -0.000000  0.045816  -0.017328  
0.922182  -0.000000  0.044820  -0.017075  
0.924407  -0.000000  0.044073  -0.016812  
0.926588  -0.000000  0.043326  -0.016765  
0.928725  -0.000000  0.042330  -0.016709  
0.930819  -0.000000  0.041334  -0.016416  
0.932871  -0.000000  0.040587  -0.016113  
0.934880  -0.000000  0.039840  -0.016026  
0.936848  -0.000000  0.048866  -0.015930  
0.938776  -0.000000  0.038346  -0.024714  
0.940661  -0.000000  0.037350  -0.015708  
0.942506  -0.000000  0.036603  -0.015354  
0.944307  -0.000000  0.035607  -0.015218  
0.946063  -0.000000  0.034611  -0.014844  
0.947772  -0.000000  0.033864  -0.014458  
0.949438  -0.000000  0.032868  -0.014287  
0.951065  -0.000000  0.032121  -0.013878  
0.952656  -0.000000  0.031623  -0.013685  
0.954209  -0.000000  0.030627  -0.013710  
0.955726  -0.000000  0.030129  -0.013271  
0.957208  -0.000000  0.029133  -0.013276  
0.958656  -0.000000  0.028635  -0.012819  
0.960069  -0.000000  0.027888  -0.012806  
0.961448  -0.000000  0.027390  -0.012557  
0.962794  -0.000000  0.026643  -0.012526  
0.964109  -0.000000  0.026145  -0.012259  
0.965390  -0.000000  0.025398  -0.012210  
0.966640  -0.000000  0.024651  -0.011926  
0.967859  -0.000000  0.024153  -0.011633  
0.969047  -0.000000  0.023655  -0.011557  
0.970203  -0.000000  0.022908  -0.011474  
0.971330  -0.000000  0.022161  -0.011154  
0.972428  -0.000000  0.021663  -0.010827  
0.973496  -0.000000  0.021165  -0.010718  
0.974536  -0.000000  0.020667  -0.010601  
0.975547  -0.000000  0.019920  -0.010475  
0.976532  -0.000000  0.019422  -0.010114  
0.977488  -0.000000  0.018924  -0.009973  
0.978418  -0.000000  0.018177  -0.009823  
0.979322  -0.000000  0.017679  -0.009439  
0.980201  -0.000000  0.017430  -0.009274  
0.981054  -0.000000  0.016932  -0.009328  
0.981881  -0.000000  0.016185  -0.009148  
0.982686  -0.000000  0.015687  -0.008734  
0.983468  -0.000000  0.015438  -0.008540  
0.984225  -0.000000  0.014940  -0.008565  
0.984959  -0.000000  0.014442  -0.008356  
0.985671  -0.000000  0.013944  -0.008141  
0.986362  -0.000000  0.013695  -0.007919  
0.987031  -0.000000  0.013197  -0.007917  
0.987679  -0.000000  0.012699  -0.007681  
0.988307  -0.000000  0.012450  -0.007440  
0.988914  -0.000000  0.011952  -0.007418  
0.989502  -0.000000  0.011703  -0.007164  
0.990070  -0.000000  0.011205  -0.007130  
0.990619  -0.000000  0.010707  -0.010193  
0.991151  -0.000000  0.010458  -0.009740  
0.991662  -0.000000  0.010209  -0.009513  
0.992155  -0.000000  0.009711  -0.009287  
0.992626  -0.000000  0.009213  -0.008834  
0.993074  -0.000000  0.008715  -0.008381  
0.993499  -0.000000  0.008217  -0.007928  
0.993899  -0.000000  0.007719  -0.007475  
0.994278  -0.000000  0.009026  -0.007022  
0.994635  -0.000000  0.006972  -0.008211  
0.994973  -0.000000  0.006723  -0.006342  
0.995290  -0.000000  0.006225  -0.006116  
0.995588  -0.000000  0.005727  -0.005663  
0.995868  -0.000000  0.005478  -0.005210  
0.996131  -0.000000  0.004980  -0.004983  
0.996378  -0.000000  0.004980  -0.004530  
0.996605  -0.000000  0.004482  -0.004530  
0.996824  -0.000000  0.004482  -0.004077  
0.997029  -0.000000  0.003984  -0.004077  
0.997222  -0.000000  0.003735  -0.003624  
0.997404  -0.000000  0.003486  -0.003398  
0.997576  -0.000000  0.003486  -0.003171  
0.997737  -0.000000  0.002988  -0.003171  
0.997888  -0.000000  0.002988  -0.002718  
0.998032  -0.000000  0.002739  -0.002718  
0.998166  -0.000000  0.002739  -0.002492  
0.998293  -0.000000  0.002490  -0.002492  
0.998411  -0.000000  0.002241  -0.002265  
0.998525  -0.000000  0.002241  -0.002039  
0.998630  -0.000000  0.002241  -0.002039  
0.998730  -0.000000  0.001992  -0.002039  
0.998823  -0.000000  0.001743  -0.001812  
0.998912  -0.000000  0.001743  -0.001586  
0.998995  -0.000000  0.001743  -0.001586  
0.999072  -0.000000  0.001494  -0.001586  
0.999146  -0.000000  0.001245  -0.001359  
0.999216  -0.000000  0.001245  -0.001133  
0.999280  -0.000000  0.001245  -0.001133  
0.999341  -0.000000  0.000996  -0.001133  
0.999400  -0.000000  0.001245  -0.000906  
0.999453  -0.000000  0.000996  -0.001133  
0.999506  -0.000000  0.001245  -0.000906  
0.000000  0.000000  0.000000  0.000000  
0.000000  0.000000  0.000000  0.000000  
0.000000  0.000000  0.000000  0.000000  
0.000000  0.000000  0.000000  0.000000  
0.000000  0.000000  0.000000  0.000000  
0.000000  0.000000  0.000000  0.000000  
0.000000  0.000000  0.000000  0.000000  
0.000000  0.000000  0.000000  0.000000  
0.000000  0.000000  0.000000  0.000000  
0.000000  0.000000  0.000000  0.000000  
0.000000  0.000000  0.000000  0.000000  
0.000000  0.000000  0.000000  0.000000  
0.000000  0.000000  0.000000  0.000000  
0.000000  0.000000  0.000000  0.000000  
0.000000  0.000000  0.000000  0.000000  
0.000000  0.000000  0.000000  0.000000  
0.000000  0.000000  0.000000  0.000000  
0.000000  0.000000  0.000000  0.000000  
0.000000  0.000000  0.000000  0.000000  
0.000000  0.000000  0.000000  0.000000  
0.000000  0.000000  0.000000  0.000000  
0.000000  0.000000  0.000000  0.000000  
0.000000  0.000000  0.000000  0.000000  
0.000000  0.000000  0.000000  0.000000  
