0.000000  -0.000000  0.000000  0.000000  
0.000000  -0.000000  0.000000  0.003579  
0.000000  -0.000000  0.000000  0.003605  
0.000000  -0.000000  0.000000  0.003650  
0.000002  -0.000000  0.000000  0.003711  
0.000010  -0.000000  0.000249  0.003791  
0.000024  -0.000000  0.000498  0.003661  
0.000045  -0.000000  0.000498  0.003549  
0.000077  -0.000000  0.000747  0.003682  
0.000117  -0.000000  0.000747  0.003605  
0.000167  -0.000000  0.000996  0.003772  
0.000225  -0.000000  0.001245  0.003730  
0.000294  -0.000000  0.001494  0.003706  
0.000371  -0.000000  0.001743  0.003699  
0.000457  -0.000000  0.001743  0.003710  
0.000552  -0.000000  0.001992  0.003964  
0.000657  -0.000000  0.002241  0.004009  
0.000771  -0.000000  0.002241  0.004071  
0.000894  -0.000000  0.002490  0.004377  
0.001027  -0.000000  0.002739  0.004474  
0.001170  -0.000000  0.002988  0.004587  
0.001323  -0.000000  0.003237  0.004718  
0.001487  -0.000000  0.003237  0.004865  
0.001661  -0.000000  0.003486  0.005256  
0.001848  -0.000000  0.004980  0.005437  
0.002044  -0.000000  0.003984  0.004501  
0.002255  -0.000000  0.004482  0.005848  
0.002476  -0.000000  0.004482  0.005852  
0.002712  -0.000000  0.004980  0.006326  
0.002959  -0.000000  0.005229  0.006362  
0.003221  -0.000000  0.005478  0.006642  
0.003496  -0.000000  0.005727  0.006937  
0.003786  -0.000000  0.005976  0.007248  
0.004092  -0.000000  0.006225  0.007575  
0.004415  -0.000000  0.006474  0.007918  
0.004755  -0.000000  0.006972  0.008276  
0.005112  -0.000000  0.007221  0.008423  
0.005488  -0.000000  0.007719  0.008812  
0.005883  -0.000000  0.007968  0.008989  
0.006298  -0.000000  0.008466  0.009408  
0.006734  -0.000000  0.008964  0.009615  
0.007192  -0.000000  0.009462  0.009837  
0.007672  -0.000000  0.009711  0.010073  
0.008175  -0.000000  0.010209  0.010550  
0.008701  -0.000000  0.010707  0.010814  
0.009252  -0.000000  0.011205  0.011092  
0.009827  -0.000000  0.011703  0.011384  
0.010429  -0.000000  0.012450  0.011689  
0.011057  -0.000000  0.012699  0.011781  
0.011712  -0.000000  0.013197  0.012338  
0.012395  -0.000000  0.013944  0.012683  
0.013107  -0.000000  0.014442  0.012813  
0.013849  -0.000000  0.015189  0.013182  
0.014621  -0.000000  0.015687  0.013336  
0.015424  -0.000000  0.016434  0.013729  
0.016259  -0.000000  0.016932  0.013907  
0.017125  -0.000000  0.017430  0.014323  
0.018025  -0.000000  0.015087  0.014750  
0.018960  -0.000000  0.019173  0.017772  
0.019929  -0.000000  0.019671  0.014955  
0.020932  -0.000000  0.020418  0.015413  
0.021974  -0.000000  0.021165  0.015655  
0.023055  -0.000000  0.022161  0.015906  
0.024174  -0.000000  0.022659  0.015939  
0.025333  -0.000000  0.023655  0.016435  
0.026531  -0.000000  0.024402  0.016486  
0.027769  -0.000000  0.025149  0.016771  
0.029046  -0.000000  0.025896  0.017065  
0.030363  -0.000000  0.026643  0.017366  
0.031723  -0.000000  0.027639  0.017675  
0.033122  -0.000000  0.028386  0.017764  
0.034565  -0.000000  0.029133  0.018086  
0.036050  -0.000000  0.030129  0.018414  
0.037580  -0.000000  0.031125  0.018522  
0.039154  -0.000000  0.031872  0.018635  
0.040773  -0.000000  0.032868  0.018980  
0.042436  -0.000000  0.033615  0.019102  
0.044147  -0.000000  0.034611  0.019456  
0.045902  -0.000000  0.035358  0.019587  
0.047706  -0.000000  0.036603  0.019948  
0.049557  -0.000000  0.037599  0.019859  
0.051456  -0.000000  0.038346  0.019999  
0.053404  -0.000000  0.039342  0.020369  
0.055401  -0.000000  0.040338  0.020513  
0.057448  -0.000000  0.041334  0.020659  
0.059546  -0.000000  0.042579  0.020806  
0.061692  -0.000000  0.043326  0.020726  
0.063891  -0.000000  0.044322  0.021101  
0.066141  -0.000000  0.045567  0.021248  
0.068442  -0.000000  0.046314  0.021168  
0.070796  -0.000000  0.047559  0.021540  
0.073201  -0.000000  0.048555  0.021457  
0.075660  -0.000000  0.049800  0.021599  
0.078171  -0.000000  0.050796  0.021512  
0.080736  -0.000000  0.051792  0.021648  
0.083354  -0.000444  0.052788  0.021781  
0.086027  -0.000444  0.054033  0.021910  
0.088753  -0.000444  0.055029  0.021808  
0.091533  -0.000444  0.056025  0.021929  
0.094368  -0.000444  0.057270  0.022043  
0.097256  -0.000444  0.058266  0.021926  
0.100199  -0.000444  0.059262  0.022029  
0.103198  -0.000444  0.060507  0.022126  
0.106251  -0.000444  0.061503  0.021989  
0.109359  -0.000444  0.062748  0.022071  
0.112522  -0.000444  0.063744  0.021919  
0.115739  -0.000444  0.064740  0.021985  
0.119012  -0.000444  0.065985  0.022042  
0.122340  -0.000444  0.066981  0.021863  
0.125724  -0.000444  0.068226  0.021902  
0.129162  -0.000444  0.069222  0.021703  
0.132655  -0.000444  0.070467  0.021721  
0.136202  -0.000444  0.071463  0.021501  
0.139805  -0.000444  0.072708  0.021496  
0.143462  -0.000444  0.073704  0.021252  
0.147173  -0.000444  0.074700  0.021224  
0.150938  -0.000444  0.075696  0.021182  
0.154757  -0.000444  0.076692  0.021127  
0.158629  -0.000444  0.077688  0.021059  
0.162554  -0.000444  0.078933  0.020977  
0.166533  -0.000444  0.080178  0.020654  
0.170564  -0.000444  0.081174  0.020317  
0.174648  -0.000444  0.082170  0.020191  
0.178784  -0.000444  0.083166  0.020050  
0.182972  -0.000444  0.084162  0.019892  
0.187211  -0.000444  0.085158  0.019719  
0.191502  -0.000444  0.086154  0.019529  
0.195843  -0.000444  0.087399  0.019322  
0.200233  -0.000444  0.088146  0.018872  
0.204673  -0.000444  0.089142  0.018857  
0.209162  -0.000444  0.090138  0.018598  
0.213699  -0.000444  0.091134  0.018320  
0.218284  -0.000444  0.092130  0.018025  
0.222917  -0.000444  0.093126  0.017710  
0.227596  -0.000444  0.093873  0.017376  
0.232320  -0.000444  0.094869  0.017250  
0.237091  -0.000444  0.095865  0.016878  
0.241907  -0.000444  0.096861  0.016485  
0.246766  -0.000444  0.097608  0.016073  
0.251668  -0.000444  0.098355  0.015867  
0.256613  -0.000444  0.099351  0.015640  
0.261599  -0.000444  0.100098  0.015166  
0.266626  -0.000444  0.100845  0.014898  
0.271695  -0.000444  0.101841  0.014608  
0.276801  -0.000444  0.102339  0.014071  
0.281946  -0.000444  0.103335  0.013965  
0.287129  -0.000444  0.104082  0.013385  
0.292348  -0.000444  0.104580  0.013010  
0.297605  -0.000444  0.105576  0.012839  
0.302895  -0.000444  0.106074  0.012193  
0.308220  -0.000444  0.106821  0.011978  
0.313577  -0.000444  0.107319  0.011514  
0.318968  -0.000444  0.108066  0.011254  
0.324388  -0.000444  0.108813  0.010746  
0.329840  -0.000444  0.109311  0.010215  
0.335321  -0.000444  0.109809  0.009888  
0.340830  -0.000444  0.110307  0.009539  
0.346366  -0.000444  0.110805  0.009167  
0.351929  -0.000444  0.111303  0.008773  
0.357518  -0.000444  0.112050  0.008356  
0.363130  -0.000444  0.112548  0.007690  
0.368767  -0.000444  0.113046  0.007228  
0.374424  -0.000444  0.113295  0.006743  
0.380104  -0.000444  0.113793  0.006463  
0.385803  -0.000444  0.114042  0.005934  
0.391522  -0.000444  0.114540  0.005608  
0.397257  -0.000444  0.114789  0.005035  
0.403009  -0.000444  0.115038  0.004665  
0.408777  -0.000444  0.115536  0.004274  
0.414560  -0.000444  0.115785  0.003634  
0.420356  -0.000444  0.116034  0.003199  
0.426163  -0.000444  0.116283  0.002743  
0.431982  -0.000444  0.116532  0.002265  
0.437811  -0.000444  0.116781  0.001766  
0.443647  -0.000444  0.116781  0.001245  
0.449493  -0.000444  0.117030  0.000931  
0.455343  -0.000444  0.117030  0.000369  
0.461199  -0.000444  0.117279  0.000013  
0.467060  -0.000444  0.117279  -0.000589  
0.472922  -0.000444  0.117279  -0.000985  
0.478786  -0.000444  0.117279  -0.001401  
0.484650  -0.000444  0.117279  -0.001836  
0.490514  -0.000444  0.117279  -0.002290  
0.496377  -0.000444  0.117279  -0.002764  
0.502236  -0.000444  0.117279  -0.003256  
0.508091  -0.000444  0.117030  -0.003766  
0.513942  -0.000444  0.117030  -0.004068  
0.519784  -0.000444  0.116781  -0.004614  
0.525621  -0.000444  0.116532  -0.004951  
0.531449  -0.000444  0.116532  -0.005306  
0.537267  -0.000444  0.116283  -0.005904  
0.543073  -0.000444  0.116034  -0.006291  
0.548869  -0.000444  0.115785  -0.006695  
0.554652  -0.000444  0.115536  -0.007115  
0.560420  -0.000444  0.115287  -0.007550  
0.566173  -0.000444  0.115038  -0.008000  
0.571910  -0.000444  0.114540  -0.008465  
0.577630  -0.000444  0.114042  -0.008718  
0.583332  -0.000444  0.113793  -0.008984  
0.589014  -0.000444  0.113544  -0.009491  
0.594676  -0.000444  0.113046  -0.010011  
0.600316  -0.000444  0.112548  -0.010318  
0.605935  -0.000444  0.112050  -0.010636  
0.611530  -0.000444  0.111801  -0.010967  
0.617101  -0.000444  0.111303  -0.011536  
0.622647  -0.000444  0.110556  -0.011890  
0.628166  -0.000444  0.110058  -0.012027  
0.633659  -0.000444  0.109560  -0.012402  
0.639123  -0.000444  0.109062  -0.012787  
0.644559  -0.000444  0.108564  -0.013181  
0.649965  -0.000444  0.107817  -0.013585  
0.655339  -0.000444  0.107319  -0.013771  
0.660683  -0.000444  0.106572  -0.014191  
0.665994  -0.000444  0.106074  -0.014393  
0.671272  -0.000444  0.105327  -0.014829  
0.676515  -0.000000  0.104580  -0.015045  
0.681723  -0.000000  0.103833  -0.015268  
0.686896  -0.000000  0.103086  -0.015497  
0.692033  -0.000000  0.102339  -0.015732  
0.697133  -0.000000  0.101592  -0.015973  
0.702194  -0.000000  0.100845  -0.016218  
0.707217  -0.000000  0.100098  -0.016467  
0.712201  -0.000000  0.099351  -0.016721  
0.717146  -0.000000  0.098604  -0.016979  
0.722050  -0.000000  0.097608  -0.017240  
0.726915  -0.000000  0.097110  -0.017278  
0.731736  -0.000000  0.096114  -0.017771  
0.736516  -0.000000  0.095118  -0.017813  
0.741253  -0.000000  0.094371  -0.017857  
0.745948  -0.000000  0.093624  -0.018129  
0.750598  -0.000000  0.092628  -0.018402  
0.755205  -0.000000  0.091881  -0.018449  
0.759766  -0.000000  0.090885  -0.018722  
0.764282  -0.000000  0.089889  -0.018769  
0.768754  -0.000000  0.089142  -0.018816  
0.773179  -0.000000  0.088146  -0.019088  
0.777558  -0.000000  0.087150  -0.019132  
0.781889  -0.000000  0.086154  -0.019175  
0.786174  -0.000000  0.085407  -0.019216  
0.790411  -0.000000  0.084162  -0.019481  
0.794602  -0.000000  0.083415  -0.019291  
0.798744  -0.000000  0.082419  -0.019551  
0.802837  -0.000000  0.081423  -0.019581  
0.806882  -0.000000  0.080427  -0.019607  
0.810880  -0.000000  0.079431  -0.019630  
0.814829  -0.000000  0.078684  -0.019649  
0.818729  -0.000000  0.077688  -0.019890  
0.822579  -0.000000  0.076692  -0.019899  
0.826382  -0.000000  0.075696  -0.019904  
0.830134  -0.000000  0.074700  -0.019903  
0.833837  -0.000000  0.073455  -0.019897  
0.837491  -0.000000  0.072708  -0.019659  
0.841095  -0.000000  0.071712  -0.019868  
0.844650  -0.000000  0.070716  -0.019844  
0.848154  -0.000000  0.069720  -0.019814  
0.851609  -0.000000  0.068724  -0.019777  
0.855016  -0.000000  0.067728  -0.019733  
0.858371  -0.000000  0.066732  -0.019682  
0.861678  -0.000000  0.065736  -0.019623  
0.864934  -0.000000  0.064491  -0.019558  
0.868143  -0.000000  0.063744  -0.019258  
0.871301  -0.000000  0.062748  -0.019403  
0.874411  -0.000000  0.061752  -0.019313  
0.877472  -0.000000  0.060756  -0.019216  
0.880485  -0.000000  0.060009  -0.019110  
0.883448  -0.000000  0.058764  -0.019222  
0.886363  -0.000000  0.058017  -0.018873  
0.889231  -0.000000  0.057021  -0.018968  
0.892049  -0.000000  0.055776  -0.018827  
0.894821  -0.000000  0.054780  -0.018451  
0.897545  -0.000000  0.054033  -0.018292  
0.900222  -0.000000  0.053037  -0.018351  
0.902851  -0.000000  0.052041  -0.018174  
0.905434  -0.000000  0.051294  -0.017987  
0.907972  -0.000000  0.050298  -0.018018  
0.910463  -0.000000  0.049551  -0.017812  
0.912908  -0.000000  0.048555  -0.017824  
0.915309  -0.000000  0.047559  -0.017599  
0.917664  -0.000000  0.046812  -0.017365  
0.919975  -0.000000  0.045816  -0.017347  
0.922241  -0.000000  0.044820  -0.017093  
0.924463  -0.000000  0.044073  -0.016830  
0.926641  -0.000000  0.043077  -0.016782  
0.928776  -0.000000  0.042330  -0.016499  
0.930867  -0.000000  0.041334  -0.016432  
0.932917  -0.000000  0.040587  -0.016128  
0.934925  -0.000000  0.039840  -0.016041  
0.936891  -0.000000  0.039093  -0.015944  
0.938816  -0.000000  0.038346  -0.015837  
0.940699  -0.000000  0.037350  -0.015720  
0.942543  -0.000000  0.036603  -0.015367  
0.944347  -0.000000  0.035856  -0.015230  
0.946110  -0.000000  0.034860  -0.015083  
0.947836  -0.000000  0.034113  -0.014700  
0.949521  -0.000000  0.033366  -0.014534  
0.951168  -0.000000  0.032619  -0.014357  
0.952778  -0.000000  0.031872  -0.014171  
0.954352  -0.000000  0.031125  -0.013975  
0.955887  -0.000000  0.030378  -0.013770  
0.957387  -0.000000  0.029631  -0.013554  
0.958851  -0.000000  0.028884  -0.013329  
0.960281  -0.000000  0.028137  -0.013095  
0.961675  -0.000000  0.027390  -0.012852  
0.963036  -0.000000  0.026892  -0.012599  
0.964363  -0.000000  0.026394  -0.012563  
0.965657  -0.000000  0.025647  -0.012519  
0.966918  -0.000000  0.024900  -0.012238  
0.968147  -0.000000  0.024153  -0.011949  
0.969346  -0.000000  0.023655  -0.011651  
0.970512  -0.000000  0.023157  -0.011571  
0.971648  -0.000000  0.022410  -0.011481  
0.972753  -0.000000  0.021912  -0.011157  
0.973829  -0.000000  0.021165  -0.011050  
0.974876  -0.000000  0.020667  -0.010709  
0.975894  -0.000000  0.020169  -0.010586  
0.976884  -0.000000  0.019422  -0.010455  
0.977846  -0.000000  0.018924  -0.010088  
0.978781  -0.000000  0.018426  -0.009941  
0.979690  -0.000000  0.017928  -0.009785  
0.980572  -0.000000  0.017430  -0.009622  
0.981428  -0.000000  0.016932  -0.009451  
0.982260  -0.000000  0.016434  -0.009272  
0.983067  -0.000000  0.015936  -0.009086  
0.983849  -0.000000  0.015438  -0.008892  
0.984607  -0.000000  0.014940  -0.008691  
0.985343  -0.000000  0.014442  -0.008483  
0.986055  -0.000000  0.013944  -0.008268  
0.986744  -0.000000  0.013695  -0.008046  
0.987412  -0.000000  0.013197  -0.008044  
0.988058  -0.000000  0.012699  -0.007808  
0.988684  -0.000000  0.012450  -0.007566  
0.989289  -0.000000  0.011952  -0.007544  
0.989873  -0.000000  0.011454  -0.007289  
0.990438  -0.000000  0.010956  -0.007028  
0.990985  -0.000000  0.010956  -0.009966  
0.991512  -0.000000  0.010458  -0.009966  
0.992020  -0.000000  0.009960  -0.009513  
0.992508  -0.000000  0.009462  -0.009060  
0.992976  -0.000000  0.009213  -0.008607  
0.993419  -0.000000  0.008466  -0.008381  
0.993840  -0.000000  0.008217  -0.007701  
0.994237  -0.000000  0.007719  -0.007475  
0.994613  -0.000000  0.007221  -0.007022  
0.994966  -0.000000  0.006723  -0.006569  
0.995301  -0.000000  0.006474  -0.006116  
0.995616  -0.000000  0.006225  -0.005889  
0.995913  -0.000000  0.005727  -0.005663  
0.996193  -0.000000  0.005478  -0.005210  
0.996457  -0.000000  0.005229  -0.004983  
0.996706  -0.000000  0.004980  -0.004757  
0.996935  -0.000000  0.004482  -0.004530  
0.997156  -0.000000  0.004233  -0.004077  
0.997364  -0.000000  0.003984  -0.003851  
0.997561  -0.000000  0.003984  -0.003624  
0.997745  -0.000000  0.003735  -0.003624  
0.997918  -0.000000  0.003237  -0.003398  
0.998083  -0.000000  0.003237  -0.002945  
0.998237  -0.000000  0.002988  -0.002945  
0.998381  -0.000000  0.002739  -0.002718  
0.998518  -0.000000  0.002490  -0.002492  
0.998648  -0.000000  0.002739  -0.002265  
0.998769  -0.000000  0.002490  -0.002492  
0.998883  -0.000000  0.002241  -0.002265  
0.998990  -0.000000  0.001992  -0.002039  
0.999091  -0.000000  0.001743  -0.001812  
0.999187  -0.000000  0.001743  -0.001586  
0.999277  -0.000000  0.001743  -0.001586  
0.999361  -0.000000  0.001743  -0.001586  
0.999441  -0.000000  0.001494  -0.001586  
0.999516  -0.000000  0.001245  -0.001359  
0.999588  -0.000000  0.001494  -0.001133  
0.999655  -0.000000  0.001494  -0.001359  
0.999717  -0.000000  0.000996  -0.001359  
0.999778  -0.000000  0.001245  -0.000906  
0.999834  -0.000000  0.001245  -0.001133  
0.999888  -0.000000  0.001245  -0.001133  
0.999938  -0.000000  0.000996  -0.001133  
0.999985  -0.000000  0.000996  -0.000906  
1.000030  -0.000000  0.000996  -0.000906  
1.000071  -0.000000  0.000747  -0.000906  
1.000111  -0.000000  0.000747  -0.000680  
1.000147  -0.000000  0.000747  -0.000680  
1.000182  -0.000000  0.000747  -0.000680  
1.000214  -0.000000  0.000747  -0.000680  
1.000244  -0.000000  0.000498  -0.000680  
1.000273  -0.000000  0.000498  -0.000453  
1.000299  -0.000000  0.000498  -0.000453  
1.000325  -0.000000  0.000498  -0.000453  
1.000349  -0.000000  0.000498  -0.000453  
1.000370  -0.000000  0.000249  -0.000453  
1.000391  -0.000000  0.000249  -0.000227  
1.000411  -0.000000  0.000249  -0.000227  
1.000430  -0.000000  0.000249  -0.000227  
1.000448  -0.000000  0.000498  -0.000227  
1.000464  -0.000000  0.000249  -0.000453  
1.000481  -0.000000  0.000249  -0.000227  
1.000497  -0.000000  0.000249  -0.000227  
1.000512  -0.000000  0.000249  -0.000227  
1.000527  -0.000000  0.000249  -0.000227  
1.000540  -0.000000  0.000249  -0.000227  
