0.000000  -0.000000  0.000000  0.000000  
0.000000  -0.000000  0.000000  0.003579  
0.000001  -0.000000  0.000000  0.003605  
0.000001  -0.000000  0.000000  0.003650  
0.000004  -0.000000  0.000000  0.003711  
0.000010  -0.000000  0.000249  0.003791  
0.000024  -0.000000  0.000249  0.003661  
0.000046  -0.000000  0.000498  0.003776  
0.000077  -0.000000  0.000747  0.003682  
0.000117  -0.000000  0.000747  0.003605  
0.000167  -0.000000  0.000996  0.003772  
0.000227  -0.000000  0.001245  0.003730  
0.000295  -0.000000  0.001494  0.003706  
0.000372  -0.000000  0.001743  0.003699  
0.000459  -0.000000  0.001992  0.003710  
0.000555  -0.000000  0.001992  0.003737  
0.000660  -0.000000  0.001992  0.004009  
0.000774  -0.000000  0.002241  0.004298  
0.000899  -0.000000  0.002739  0.004377  
0.001032  -0.000000  0.002739  0.004247  
0.001175  -0.000000  0.002988  0.004587  
0.001328  -0.000000  0.003237  0.004718  
0.001492  -0.000000  0.003237  0.004865  
0.001667  -0.000000  0.003735  0.005256  
0.001853  -0.000000  0.003735  0.005210  
0.002051  -0.000000  0.003984  0.005634  
0.002260  -0.000000  0.004233  0.005848  
0.002483  -0.000000  0.004731  0.006079  
0.002717  -0.000000  0.004731  0.006099  
0.002966  -0.000000  0.004980  0.006589  
0.003228  -0.000000  0.005229  0.006868  
0.003506  -0.000000  0.005478  0.007163  
0.003800  -0.000000  0.005976  0.007475  
0.004109  -0.000000  0.006474  0.007575  
0.004433  -0.000000  0.006474  0.007691  
0.004777  -0.000000  0.006972  0.008276  
0.005138  -0.000000  0.007470  0.008423  
0.005518  -0.000000  0.007719  0.008585  
0.005918  -0.000000  0.008217  0.008989  
0.006336  -0.000000  0.008466  0.009181  
0.006777  -0.000000  0.008964  0.009615  
0.007237  -0.000000  0.009462  0.009836  
0.007720  -0.000000  0.008267  0.010072  
0.008226  -0.000000  0.008680  0.011863  
0.008755  -0.000000  0.013384  0.012204  
0.009309  -0.000000  0.011454  0.008655  
0.009888  -0.000000  0.014940  0.011156  
0.010493  -0.000000  0.012450  0.008742  
0.011127  -0.000000  0.012948  0.011779  
0.011786  -0.000000  0.013446  0.012110  
0.012472  -0.000000  0.017430  0.012454  
0.013185  -0.000000  0.018364  0.009639  
0.013923  -0.000000  0.015189  0.009611  
0.014689  -0.000000  0.019298  0.013334  
0.015484  -0.000000  0.016185  0.010442  
0.016307  -0.000000  0.016683  0.014132  
0.017159  -0.000000  0.017430  0.014548  
0.018036  -0.000000  0.017928  0.014749  
0.018944  -0.000000  0.018426  0.015187  
0.019883  -0.000000  0.018924  0.015635  
0.020856  -0.000000  0.019671  0.016095  
0.021867  -0.000000  0.020667  0.016337  
0.022914  -0.000000  0.021165  0.016363  
0.024000  -0.000000  0.021912  0.016851  
0.025125  -0.000000  0.022908  0.017121  
0.026292  -0.000000  0.023904  0.017173  
0.027498  -0.000000  0.024651  0.017234  
0.028746  -0.000000  0.025398  0.017529  
0.030037  -0.000000  0.026394  0.017832  
0.031369  -0.000000  0.026892  0.017916  
0.032746  -0.000000  0.028137  0.018459  
0.034165  -0.000000  0.028884  0.018330  
0.035628  -0.000000  0.029631  0.018660  
0.037137  -0.000000  0.030627  0.018995  
0.038691  -0.000000  0.031374  0.019110  
0.040291  -0.000000  0.040463  0.019456  
0.041937  -0.000000  0.033366  0.020486  
0.043630  -0.000000  0.034362  0.019709  
0.045370  -0.000000  0.035358  0.019841  
0.047160  -0.000000  0.036354  0.019977  
0.048997  -0.000000  0.037101  0.020116  
0.050886  -0.000000  0.038346  0.020484  
0.052823  -0.000000  0.039093  0.020402  
0.054811  -0.000000  0.040089  0.020774  
0.056849  -0.000000  0.041334  0.020921  
0.058937  -0.000000  0.042081  0.020843  
0.061077  -0.000000  0.054158  0.021218  
0.063269  -0.000000  0.044322  0.022273  
0.065511  -0.000000  0.045318  0.021289  
0.067807  -0.000000  0.046314  0.021437  
0.070155  -0.000000  0.047310  0.021583  
0.072556  -0.000000  0.048306  0.021728  
0.075013  -0.000000  0.049551  0.021871  
0.077523  -0.000000  0.050796  0.021785  
0.080086  -0.000000  0.051792  0.021696  
0.082703  -0.000000  0.052788  0.021830  
0.085375  -0.000000  0.053784  0.021960  
0.088101  -0.000000  0.055029  0.022086  
0.090883  -0.000000  0.056025  0.021980  
0.093718  -0.000000  0.057021  0.022096  
0.096609  -0.000000  0.058266  0.022206  
0.099553  -0.000000  0.059262  0.022083  
0.102554  -0.000000  0.060507  0.022181  
0.105609  -0.000000  0.061752  0.022044  
0.108719  -0.000000  0.062748  0.021901  
0.111885  -0.000000  0.063993  0.021976  
0.115106  -0.000000  0.064989  0.021816  
0.118381  -0.000000  0.065985  0.021873  
0.121713  -0.000000  0.067230  0.021922  
0.125099  -0.000000  0.068226  0.021734  
0.128539  -0.000000  0.069222  0.021763  
0.132035  -0.000000  0.070467  0.021781  
0.135585  -0.000000  0.071463  0.021562  
0.139189  -0.000000  0.072459  0.021558  
0.142848  -0.000000  0.073704  0.021542  
0.146562  -0.000000  0.074949  0.021287  
0.150329  -0.000000  0.075945  0.021019  
0.154150  -0.000000  0.076941  0.020965  
0.158025  -0.000000  0.077937  0.020898  
0.161954  -0.000000  0.079182  0.020816  
0.165935  -0.000000  0.080178  0.020494  
0.169969  -0.000000  0.081174  0.020384  
0.174055  -0.000000  0.082170  0.020258  
0.178194  -0.000000  0.083166  0.020118  
0.182383  -0.000000  0.084162  0.019961  
0.186625  -0.000000  0.085407  0.019788  
0.190916  -0.000000  0.086403  0.019373  
0.195259  -0.000000  0.087399  0.019167  
0.199651  -0.000000  0.088395  0.018943  
0.204092  -0.000000  0.089142  0.018703  
0.208583  -0.000000  0.090138  0.018671  
0.213122  -0.000000  0.091134  0.018394  
0.217709  -0.000000  0.092130  0.018099  
0.222343  -0.000000  0.093126  0.017785  
0.227024  -0.000000  0.094122  0.017452  
0.231750  -0.000000  0.094869  0.017099  
0.236522  -0.000000  0.095865  0.016954  
0.241340  -0.000000  0.096861  0.016563  
0.246201  -0.000000  0.097608  0.016151  
0.251105  -0.000000  0.098355  0.015945  
0.256053  -0.000000  0.099351  0.015719  
0.261041  -0.000000  0.100098  0.015246  
0.266071  -0.000000  0.101094  0.014978  
0.271141  -0.000000  0.101592  0.014462  
0.276250  -0.000000  0.102588  0.014379  
0.281398  -0.000000  0.103335  0.013820  
0.286585  -0.000000  0.104082  0.013467  
0.291808  -0.000000  0.104829  0.013092  
0.297067  -0.000000  0.105576  0.012695  
0.302361  -0.000000  0.106074  0.012276  
0.307689  -0.000000  0.106821  0.012061  
0.313050  -0.000000  0.107568  0.011597  
0.318443  -0.000000  0.108066  0.011112  
0.323869  -0.000000  0.108813  0.010830  
0.329325  -0.000000  0.109311  0.010299  
0.334809  -0.000000  0.109809  0.009972  
0.340323  -0.000000  0.110556  0.009623  
0.345863  -0.000000  0.111054  0.009025  
0.351431  -0.000000  0.111552  0.008631  
0.357024  -0.000000  0.112050  0.008214  
0.362641  -0.000000  0.112548  0.007774  
0.368281  -0.000000  0.113046  0.007312  
0.373943  -0.000000  0.113295  0.006828  
0.379628  -0.000000  0.114042  0.006547  
0.385331  -0.000000  0.114291  0.005791  
0.391053  -0.000000  0.114540  0.005466  
0.396794  -0.000000  0.115038  0.005119  
0.402551  -0.000000  0.115287  0.004523  
0.408323  -0.000000  0.115536  0.004131  
0.414110  -0.000000  0.115785  0.003718  
0.419910  -0.000000  0.116283  0.003283  
0.425722  -0.000000  0.116283  0.002599  
0.431545  -0.000000  0.116532  0.002348  
0.437378  -0.000000  0.116781  0.001848  
0.443218  -0.000000  0.116781  0.001328  
0.449067  -0.000000  0.117030  0.001013  
0.454922  -0.000000  0.117279  0.000451  
0.460782  -0.000000  0.117279  -0.000131  
0.466646  -0.000000  0.117279  -0.000507  
0.472514  -0.000000  0.117528  -0.000903  
0.478383  -0.000000  0.117528  -0.001546  
0.484252  -0.000000  0.117279  -0.001982  
0.490121  -0.000000  0.117279  -0.002210  
0.495987  -0.000000  0.117279  -0.002683  
0.501851  -0.000000  0.117030  -0.003176  
0.507712  -0.000000  0.146288  -0.003460  
0.513567  -0.000000  0.117030  -0.003989  
0.519416  -0.000000  0.117030  -0.004536  
0.525256  -0.000000  0.116781  -0.005100  
0.531090  -0.000000  0.116781  -0.005455  
0.536913  -0.000000  0.116283  -0.006054  
0.542727  -0.000000  0.116283  -0.006215  
0.548528  -0.000000  0.115785  -0.006847  
0.554316  -0.000000  0.115536  -0.007040  
0.560090  -0.000000  0.115287  -0.007476  
0.565850  -0.000000  0.115038  -0.007927  
0.571591  -0.000000  0.114789  -0.008393  
0.577317  -0.000000  0.114540  -0.008873  
0.583024  -0.000000  0.114042  -0.009367  
0.588712  -0.000000  0.113544  -0.009648  
0.594379  -0.000000  0.113046  -0.009943  
0.600025  -0.000000  0.112797  -0.010250  
0.605649  -0.000000  0.112299  -0.010796  
0.611249  -0.000000  0.111801  -0.011127  
0.616824  -0.000000  0.111303  -0.011471  
0.622374  -0.000000  0.110805  -0.011825  
0.627898  -0.000000  0.110307  -0.012190  
0.633394  -0.000000  0.109560  -0.012566  
0.638863  -0.000000  0.109062  -0.012724  
0.644302  -0.000000  0.108564  -0.013119  
0.649712  -0.000000  0.108066  -0.013523  
0.655090  -0.000000  0.107319  -0.013936  
0.660437  -0.000000  0.106821  -0.014131  
0.665751  -0.000000  0.105825  -0.014560  
0.671034  -0.000000  0.105327  -0.014543  
0.676280  -0.000000  0.104580  -0.014987  
0.681493  -0.000000  0.103833  -0.015210  
0.686670  -0.000000  0.103335  -0.015440  
0.691810  -0.000000  0.128235  -0.015902  
0.696914  -0.000000  0.101841  -0.016823  
0.701980  -0.000000  0.101094  -0.016389  
0.707007  -0.000000  0.100347  -0.016640  
0.711994  -0.000000  0.099351  -0.016895  
0.716942  -0.000000  0.098604  -0.016926  
0.721849  -0.000000  0.097857  -0.017188  
0.726714  -0.000000  0.097110  -0.017452  
0.731537  -0.000000  0.096114  -0.017719  
0.736318  -0.000000  0.095367  -0.017761  
0.741057  -0.000000  0.094371  -0.018032  
0.745751  -0.000000  0.117030  -0.018077  
0.750403  -0.000000  0.092628  -0.019030  
0.755009  -0.000000  0.091632  -0.018397  
0.759571  -0.000000  0.090636  -0.018444  
0.764088  -0.000000  0.089889  -0.018491  
0.768559  -0.000000  0.088893  -0.018764  
0.772983  -0.000000  0.087897  -0.018809  
0.777362  -0.000000  0.087150  -0.018853  
0.781695  -0.000000  0.086403  -0.019123  
0.785980  -0.000000  0.085407  -0.019390  
0.790218  -0.000000  0.084411  -0.019429  
0.794410  -0.000000  0.083415  -0.019465  
0.798553  -0.000000  0.082419  -0.019498  
0.802649  -0.000000  0.081423  -0.019528  
0.806697  -0.000000  0.080427  -0.019555  
0.810696  -0.000000  0.079431  -0.019578  
0.814646  -0.000000  0.078435  -0.019597  
0.818548  -0.000000  0.077439  -0.019612  
0.822401  -0.000000  0.076692  -0.019622  
0.826205  -0.000000  0.075696  -0.019854  
0.829960  -0.000000  0.074700  -0.019854  
0.833666  -0.000000  0.073704  -0.019848  
0.837323  -0.000000  0.072708  -0.019837  
0.840931  -0.000000  0.071712  -0.019820  
0.844489  -0.000000  0.070716  -0.019797  
0.847997  -0.000000  0.069720  -0.019768  
0.851456  -0.000000  0.068724  -0.019732  
0.854866  -0.000000  0.067728  -0.019689  
0.858225  -0.000000  0.066732  -0.019639  
0.861537  -0.000000  0.065985  -0.019581  
0.864798  -0.000000  0.064740  -0.019743  
0.868010  -0.000000  0.063744  -0.019444  
0.871172  -0.000000  0.062748  -0.019364  
0.874286  -0.000000  0.061752  -0.019275  
0.877351  -0.000000  0.061005  -0.019179  
0.880366  -0.000000  0.060009  -0.019301  
0.883333  -0.000000  0.058764  -0.019187  
0.886253  -0.000000  0.058017  -0.018839  
0.889124  -0.000000  0.057021  -0.018935  
0.891946  -0.000000  0.056025  -0.018795  
0.894721  -0.000000  0.055278  -0.018647  
0.897448  -0.000000  0.054033  -0.018715  
0.900128  -0.000000  0.053286  -0.018322  
0.902761  -0.000000  0.052290  -0.018372  
0.905347  -0.000000  0.064118  -0.018187  
0.907886  -0.000000  0.050298  -0.018897  
0.910380  -0.000000  0.049551  -0.017786  
0.912827  -0.000000  0.048555  -0.017799  
0.915228  -0.000000  0.047559  -0.017574  
0.917583  -0.000000  0.046563  -0.017340  
0.919893  -0.000000  0.045816  -0.017096  
0.922159  -0.000000  0.045069  -0.017068  
0.924378  -0.000000  0.043824  -0.017031  
0.926556  -0.000000  0.043077  -0.016530  
0.928690  -0.000000  0.042330  -0.016472  
0.930781  -0.000000  0.041583  -0.016405  
0.932830  -0.000000  0.040587  -0.016328  
0.934836  -0.000000  0.039591  -0.016014  
0.936802  -0.000000  0.038844  -0.015690  
0.938727  -0.000000  0.038097  -0.015583  
0.940611  -0.000000  0.037350  -0.015466  
0.942453  -0.000000  0.036354  -0.015339  
0.944257  -0.000000  0.035856  -0.014975  
0.946022  -0.000000  0.034860  -0.015055  
0.947747  -0.000000  0.034113  -0.014672  
0.949434  -0.000000  0.033366  -0.014506  
0.951084  -0.000000  0.032619  -0.014330  
0.952695  -0.000000  0.031872  -0.014144  
0.954270  -0.000000  0.031125  -0.013948  
0.955807  -0.000000  0.030378  -0.013743  
0.957310  -0.000000  0.029880  -0.013529  
0.958775  -0.000000  0.028884  -0.013531  
0.960207  -0.000000  0.028386  -0.013071  
0.961604  -0.000000  0.027639  -0.013055  
0.962966  -0.000000  0.026892  -0.012802  
0.964295  -0.000000  0.026145  -0.012541  
0.965591  -0.000000  0.025647  -0.012270  
0.966853  -0.000000  0.024900  -0.012217  
0.968083  -0.000000  0.024153  -0.011928  
0.969282  -0.000000  0.023655  -0.011630  
0.970450  -0.000000  0.022908  -0.011550  
0.971588  -0.000000  0.022659  -0.011235  
0.972695  -0.000000  0.021912  -0.011364  
0.973771  -0.000000  0.021165  -0.011031  
0.974820  -0.000000  0.020667  -0.010690  
0.975841  -0.000000  0.020169  -0.010568  
0.976832  -0.000000  0.019422  -0.010437  
0.977797  -0.000000  0.019173  -0.010071  
0.978733  -0.000000  0.018426  -0.010151  
0.979643  -0.000000  0.017928  -0.009769  
0.980527  -0.000000  0.017430  -0.009606  
0.981385  -0.000000  0.016932  -0.009436  
0.982218  -0.000000  0.016434  -0.009257  
0.983026  -0.000000  0.015936  -0.009072  
0.983809  -0.000000  0.015438  -0.008879  
0.984569  -0.000000  0.014940  -0.008678  
0.985305  -0.000000  0.014442  -0.008471  
0.986020  -0.000000  0.014193  -0.008256  
0.986711  -0.000000  0.013695  -0.008261  
0.987381  -0.000000  0.013197  -0.008033  
0.988028  -0.000000  0.012699  -0.007798  
0.988654  -0.000000  0.012201  -0.007556  
0.989261  -0.000000  0.011952  -0.007308  
0.989847  -0.000000  0.011454  -0.007280  
0.990413  -0.000000  0.011205  -0.007019  
0.990960  -0.000000  0.010707  -0.006979  
0.991489  -0.000000  0.010458  -0.006706  
0.992000  -0.000000  0.010209  -0.006654  
0.992491  -0.000000  0.009711  -0.006596  
0.992966  -0.000000  0.009213  -0.006306  
0.993424  -0.000000  0.008964  -0.006010  
0.993865  -0.000000  0.008715  -0.005936  
0.994289  -0.000000  0.008217  -0.005856  
0.994698  -0.000000  0.007968  -0.005544  
0.995091  -0.000000  0.007719  -0.005454  
0.995468  -0.000000  0.007470  -0.005359  
0.995832  -0.000000  0.007221  -0.005259  
0.996180  -0.000000  0.006723  -0.005155  
0.996516  -0.000000  0.006723  -0.004819  
0.996838  -0.000000  0.006225  -0.004932  
0.997146  -0.000000  0.005976  -0.004587  
0.997437  -0.000000  0.005976  -0.004465  
0.997719  -0.000000  0.005478  -0.004563  
0.997991  -0.000000  0.005478  -0.004205  
0.998250  -0.000000  0.005229  -0.004297  
0.998497  -0.000000  0.004980  -0.004757  
0.998734  -0.000000  0.004731  -0.004530  
0.998959  -0.000000  0.004482  -0.004304  
0.999173  -0.000000  0.004233  -0.004077  
0.999376  -0.000000  0.003735  -0.003851  
0.999569  -0.000000  0.003735  -0.003398  
0.999750  -0.000000  0.003486  -0.003398  
0.999920  -0.000000  0.004046  -0.003171  
1.000082  -0.000000  0.003237  -0.003681  
1.000234  -0.000000  0.002988  -0.002945  
1.000376  -0.000000  0.002739  -0.002718  
1.000512  -0.000000  0.002739  -0.002492  
1.000637  -0.000000  0.002490  -0.002492  
1.000756  -0.000000  0.002241  -0.002265  
1.000868  -0.000000  0.002241  -0.002039  
1.000972  -0.000000  0.002241  -0.002039  
1.001069  -0.000000  0.001743  -0.002039  
1.001163  -0.000000  0.001992  -0.001586  
1.001249  -0.000000  0.001868  -0.001812  
1.001331  -0.000000  0.001494  -0.001699  
1.001408  -0.000000  0.001494  -0.001359  
1.001480  -0.000000  0.001494  -0.001359  
1.001548  -0.000000  0.001245  -0.001359  
1.001611  -0.000000  0.001245  -0.001133  
1.001671  -0.000000  0.001245  -0.001133  
1.001727  -0.000000  0.000996  -0.001133  
1.001780  -0.000000  0.000996  -0.000906  
1.001830  -0.000000  0.000996  -0.000906  
1.001876  -0.000000  0.000747  -0.000906  
1.001921  -0.000000  0.001245  -0.000680  
1.001962  -0.000000  0.000747  -0.001133  
1.002002  -0.000000  0.000747  -0.000680  
1.002039  -0.000000  0.000747  -0.001377  
1.002074  -0.000000  0.000747  -0.001391  
1.002107  -0.000000  0.000498  -0.001403  
1.002138  -0.000000  0.000747  -0.001188  
1.002165  -0.000000  0.000498  -0.001426  
1.002190  -0.000000  0.000498  -0.001209  
1.002211  -0.000000  0.000498  -0.001218  
1.002229  -0.000000  0.000249  -0.001226  
1.002243  -0.000000  0.000249  -0.001006  
1.002255  -0.000000  0.000000  -0.001011  
1.002263  -0.000000  0.000000  -0.000789  
1.002270  -0.000000  0.000249  -0.000792  
1.002272  -0.000000  0.000000  -0.001021  
1.002273  -0.000000  0.000000  -0.000796  
