0.000000  -0.000000  0.000000  0.000000  
0.000000  -0.000000  0.000000  0.003579  
0.000001  -0.000000  0.000249  0.003605  
0.000001  -0.000000  0.000000  0.003423  
0.000004  -0.000000  0.000000  0.003711  
0.000010  -0.000000  0.000249  0.003791  
0.000024  -0.000000  0.000498  0.003661  
0.000045  -0.000000  0.000498  0.003549  
0.000076  -0.000000  0.000747  0.003682  
0.000116  -0.000000  0.000747  0.003605  
0.000166  -0.000000  0.001245  0.003772  
0.000224  -0.000000  0.001245  0.003504  
0.000291  -0.000000  0.001494  0.003706  
0.000367  -0.000000  0.001743  0.003699  
0.000453  -0.000000  0.001992  0.003710  
0.000548  -0.000000  0.001992  0.003737  
0.000651  -0.000000  0.002241  0.004009  
0.000763  -0.000000  0.002241  0.004071  
0.000886  -0.000000  0.003424  0.004377  
0.001017  -0.000000  0.002739  0.003624  
0.001159  -0.000000  0.002988  0.004587  
0.001310  -0.000000  0.002988  0.004718  
0.001472  -0.000000  0.003486  0.005092  
0.001643  -0.000000  0.003486  0.005029  
0.001825  -0.000000  0.003735  0.005437  
0.002019  -0.000000  0.003984  0.005634  
0.002226  -0.000000  0.004233  0.005849  
0.002444  -0.000000  0.004482  0.006079  
0.002676  -0.000000  0.004731  0.006326  
0.002921  -0.000000  0.004133  0.006589  
0.003181  -0.000000  0.005229  0.007639  
0.003456  -0.000000  0.005727  0.007164  
0.003746  -0.000000  0.005976  0.007249  
0.004052  -0.000000  0.006225  0.007576  
0.004376  -0.000000  0.006474  0.007919  
0.004719  -0.000000  0.006972  0.008277  
0.005078  -0.000000  0.007221  0.008424  
0.005458  -0.000000  0.007719  0.008813  
0.005857  -0.000000  0.010271  0.008990  
0.006275  -0.000000  0.008715  0.007313  
0.006713  -0.000000  0.008964  0.009389  
0.007174  -0.000000  0.009462  0.009837  
0.007656  -0.000000  0.009711  0.010073  
0.008159  -0.000000  0.010209  0.010550  
0.008684  -0.000000  0.010707  0.010814  
0.009233  -0.000000  0.011205  0.011092  
0.009806  -0.000000  0.011703  0.011384  
0.010405  -0.000000  0.012201  0.011689  
0.011029  -0.000000  0.012699  0.012008  
0.011683  -0.000000  0.013446  0.012339  
0.012363  -0.000000  0.013695  0.012457  
0.013073  -0.000000  0.014442  0.013040  
0.013812  -0.000000  0.014940  0.013183  
0.014581  -0.000000  0.015687  0.013564  
0.015382  -0.000000  0.016185  0.013730  
0.016215  -0.000000  0.016932  0.014135  
0.017079  -0.000000  0.017430  0.014324  
0.017978  -0.000000  0.018177  0.014751  
0.018910  -0.000000  0.018924  0.014962  
0.019878  -0.000000  0.019671  0.015183  
0.020880  -0.000000  0.025523  0.015415  
0.021920  -0.000000  0.021165  0.011012  
0.022995  -0.000000  0.021912  0.015908  
0.024108  -0.000000  0.022659  0.016168  
0.025257  -0.000000  0.023157  0.016437  
0.026443  -0.000000  0.023904  0.016942  
0.027664  -0.000000  0.024651  0.017228  
0.028924  -0.000000  0.025647  0.017523  
0.030224  -0.000000  0.026394  0.017598  
0.031565  -0.000000  0.027141  0.017908  
0.032948  -0.000000  0.027888  0.018224  
0.034376  -0.000000  0.029133  0.018547  
0.035846  -0.000000  0.029880  0.018423  
0.037361  -0.000000  0.030627  0.018758  
0.038923  -0.000000  0.031623  0.019099  
0.040529  -0.000000  0.032619  0.019218  
0.042181  -0.000000  0.033615  0.019341  
0.043880  -0.000000  0.034611  0.019469  
0.045626  -0.000000  0.035358  0.019601  
0.047420  -0.000000  0.036354  0.019963  
0.049262  -0.000000  0.037350  0.020102  
0.051152  -0.000000  0.038346  0.020243  
0.053092  -0.000000  0.039342  0.020386  
0.055080  -0.000000  0.040089  0.020532  
0.057120  -0.000000  0.041334  0.020905  
0.059209  -0.000000  0.042330  0.020826  
0.061349  -0.000000  0.043326  0.020974  
0.063540  -0.000000  0.044322  0.021123  
0.065782  -0.000000  0.045318  0.021271  
0.068078  -0.000000  0.046563  0.021419  
0.070425  -0.000000  0.047559  0.021338  
0.072824  -0.000000  0.048306  0.021483  
0.075278  -0.000000  0.049551  0.021852  
0.077783  -0.000000  0.050547  0.021766  
0.080343  -0.000000  0.051792  0.021766  
0.082956  -0.000000  0.052788  0.021766  
0.085620  -0.000000  0.053784  0.021766  
0.088319  -0.000000  0.054282  0.021766  
0.091019  -0.000000  0.054033  0.021766  
0.093692  -0.000000  0.053037  0.021766  
0.096320  -0.000000  0.052041  0.021766  
0.098894  -0.000000  0.051045  0.021766  
0.101414  -0.000000  0.049800  0.021766  
0.103881  -0.000000  0.048804  0.021766  
0.106292  -0.000000  0.047808  0.021766  
0.108649  -0.000000  0.046812  0.021766  
0.110951  -0.000000  0.045567  0.021766  
0.113200  -0.000000  0.044571  0.021766  
0.115393  -0.000000  0.043326  0.021766  
0.117532  -0.000000  0.042330  0.021766  
0.119618  -0.000000  0.041334  0.021766  
0.121648  -0.000000  0.040089  0.021766  
0.123624  -0.000000  0.038844  0.021766  
0.125546  -0.000000  0.037848  0.021766  
0.127414  -0.000000  0.036852  0.021766  
0.129226  -0.000000  0.035607  0.021766  
0.130986  -0.000000  0.034611  0.021766  
0.132690  -0.000000  0.033615  0.021766  
0.134340  -0.000000  0.032370  0.021766  
0.135936  -0.000000  0.031374  0.021766  
0.137477  -0.000000  0.030378  0.021766  
0.138964  -0.000000  0.029133  0.021766  
0.140397  -0.000000  0.028137  0.021766  
0.141775  -0.000000  0.027141  0.021766  
0.143098  -0.000000  0.025896  0.021766  
0.144367  -0.000000  0.024900  0.021766  
0.145582  -0.000000  0.023655  0.021766  
0.146744  -0.000000  0.022908  0.021766  
0.147849  -0.000000  0.021663  0.021766  
0.148901  -0.000000  0.020667  0.021766  
0.149899  -0.000000  0.019422  0.021766  
0.150842  -0.000000  0.018426  0.021766  
0.151730  -0.000000  0.017181  0.021766  
0.152564  -0.000000  0.016185  0.021766  
0.153345  -0.000000  0.015189  0.021766  
0.154071  -0.000000  0.014193  0.021766  
0.154742  -0.000000  0.012948  0.021766  
0.155358  -0.000000  0.011703  0.021766  
0.155921  -0.000000  0.010707  0.021766  
0.156429  -0.000000  0.009711  0.021766  
0.156882  -0.000000  0.008466  0.021766  
0.157281  -0.000000  0.007470  0.021766  
0.157626  -0.000000  0.006474  0.021766  
0.157916  -0.000000  0.005229  0.021766  
0.158153  -0.000000  0.004233  0.021766  
0.158335  -0.000000  0.003237  0.011843  
0.158462  -0.000000  0.001992  0.012217  
0.158540  -0.000000  0.000996  0.012696  
0.158579  -0.000000  0.000498  0.013071  
0.158589  -0.000000  0.000000  0.013235  
0.158590  -0.000000  0.000000  0.013399  
0.158591  -0.000000  0.000000  0.013353  
0.158590  -0.000000  0.000000  0.013308  
0.158590  -0.000000  0.000000  0.013262  
0.158590  -0.000000  0.000000  0.013217  
0.158590  -0.000000  0.000000  0.013172  
0.158590  -0.000000  0.000000  0.013126  
0.158590  -0.000000  0.000000  0.013081  
0.158590  -0.000000  0.000000  0.013036  
0.158590  -0.000000  0.000000  0.012991  
0.158590  -0.000000  0.000000  0.012946  
0.158590  -0.000000  0.000000  0.012901  
0.158590  -0.000000  0.000000  0.012857  
0.158590  -0.000000  0.000000  0.012812  
0.158590  -0.000000  0.000000  0.012767  
0.158590  -0.000000  0.000000  0.012723  
0.158590  -0.000000  0.000000  0.012679  
0.158590  -0.000000  0.000000  0.012634  
0.158590  -0.000000  0.000000  0.012590  
0.158590  -0.000000  0.000000  0.012546  
0.158590  -0.000000  0.000000  0.012502  
0.158590  -0.000000  0.000000  0.012458  
0.158590  -0.000000  0.000000  0.012414  
0.158590  -0.000000  0.000000  0.012370  
0.158590  -0.000000  0.000000  0.012327  
0.158590  -0.000000  0.000000  0.012283  
0.158590  -0.000000  0.000000  0.012240  
0.158590  -0.000000  0.000000  0.012196  
0.158590  -0.000000  0.000000  0.012153  
0.158590  -0.000000  0.000000  0.012110  
0.158590  -0.000000  0.000000  0.012067  
0.158590  -0.000000  0.000000  0.012024  
0.158590  -0.000000  0.000000  0.011981  
0.158590  -0.000000  0.000000  0.011938  
0.158590  -0.000000  0.000000  0.011895  
0.158590  -0.000000  0.000000  0.011853  
0.158590  -0.000000  0.000000  0.011810  
0.158590  -0.000000  0.000000  0.011768  
0.158590  -0.000000  0.000000  0.011725  
0.158590  -0.000000  0.000000  0.011683  
0.158590  -0.000000  0.000000  0.011641  
0.158590  -0.000000  0.000000  0.011599  
0.158590  -0.000000  0.000000  0.011557  
0.158590  -0.000000  0.000000  0.011515  
0.158590  -0.000000  0.000000  0.011473  
0.158590  -0.000000  0.000000  0.011431  
0.158590  -0.000000  0.000000  0.011390  
0.158590  -0.000000  0.000000  0.011348  
0.158590  -0.000000  0.000000  0.011307  
0.158590  -0.000000  0.000000  0.011265  
0.158590  -0.000000  0.000000  0.011224  
0.158590  -0.000000  0.000000  0.011183  
0.158590  -0.000000  0.000000  0.011142  
0.158590  -0.000000  0.000000  0.011101  
0.158590  -0.000000  0.000000  0.011060  
0.158590  -0.000000  0.000000  0.011019  
0.158590  -0.000000  0.000000  0.010979  
0.158590  -0.000000  0.000000  0.010938  
0.158590  -0.000000  0.000000  0.010898  
0.158590  -0.000000  0.000000  0.010857  
0.158590  -0.000000  0.000000  0.010817  
0.158590  -0.000000  0.000000  0.010777  
0.158590  -0.000000  0.000000  0.010737  
0.158590  -0.000000  0.000000  0.010697  
0.158590  -0.000000  0.000000  0.010657  
0.158590  -0.000000  0.000000  0.010617  
0.158590  -0.000000  0.000000  0.010578  
0.158590  -0.000000  0.000000  0.010538  
0.158590  -0.000000  0.000000  0.010499  
0.158590  -0.000000  0.000000  0.010459  
0.158590  -0.000000  0.000000  0.010420  
0.158590  -0.000000  0.000000  0.010381  
0.158590  -0.000000  0.000000  0.010342  
0.158590  -0.000000  0.000000  0.010303  
0.158590  -0.000000  0.000000  0.010264  
0.158590  -0.000000  0.000000  0.010225  
0.158590  -0.000000  0.000000  0.010186  
0.158590  -0.000000  0.000000  0.010148  
0.158590  -0.000000  0.000000  0.010109  
0.158590  -0.000000  0.000000  0.010071  
0.158590  -0.000000  0.000000  0.010033  
0.158590  -0.000000  0.000000  0.009994  
0.158590  -0.000000  0.000000  0.009956  
0.158590  -0.000000  0.000000  0.009918  
0.158590  -0.000000  0.000000  0.009880  
0.158590  -0.000000  0.000000  0.009843  
0.158590  -0.000000  0.000000  0.009805  
0.158590  -0.000000  0.000000  0.009767  
0.158590  -0.000000  0.000000  0.009730  
0.158590  -0.000000  0.000000  0.009693  
0.158590  -0.000000  0.000000  0.009655  
0.158590  -0.000000  0.000000  0.009618  
0.158590  -0.000000  0.000000  0.009581  
0.158590  -0.000000  0.000000  0.009544  
0.158590  -0.000000  0.000000  0.009507  
0.158590  -0.000000  0.000000  0.009470  
0.158590  -0.000000  0.000000  0.009434  
0.158590  -0.000000  0.000000  0.009397  
0.158590  -0.000000  0.000000  0.009361  
0.158590  -0.000000  0.000000  0.009324  
0.158590  -0.000000  0.000000  0.009288  
0.158590  -0.000000  0.000000  0.009252  
0.158590  -0.000000  0.000000  0.009216  
0.158590  -0.000000  0.000000  0.009180  
0.158590  -0.000000  0.000000  0.009144  
0.158590  -0.000000  0.000000  0.009108  
0.158590  -0.000000  0.000000  0.009073  
0.158590  -0.000000  0.000000  0.009037  
0.158590  -0.000000  0.000000  0.009002  
0.158590  -0.000000  0.000000  0.008966  
0.158590  -0.000000  0.000000  0.008931  
0.158590  -0.000000  0.000000  0.008896  
0.158590  -0.000000  0.000000  0.008861  
0.158590  -0.000000  0.000000  0.008826  
0.158590  -0.000000  0.000000  0.008791  
0.158590  -0.000000  0.000000  0.008756  
0.158590  -0.000000  0.000000  0.008722  
0.158590  -0.000000  0.000000  0.008687  
0.158590  -0.000000  0.000000  0.008653  
0.158590  -0.000000  0.000000  0.008618  
0.158590  -0.000000  0.000000  0.008584  
0.158590  -0.000000  0.000000  0.008550  
0.158590  -0.000000  0.000000  0.008516  
0.158590  -0.000000  0.000000  0.008482  
0.158590  -0.000000  0.000000  0.008448  
0.158590  -0.000000  0.000000  0.008415  
0.158590  -0.000000  0.000000  0.008381  
0.158590  -0.000000  0.000000  0.008347  
0.158590  -0.000000  0.000000  0.008314  
0.158590  -0.000000  0.000000  0.008281  
0.158590  -0.000000  0.000000  0.008247  
0.158590  -0.000000  0.000000  0.008214  
0.158590  -0.000000  0.000000  0.008181  
0.158590  -0.000000  0.000000  0.008148  
0.158590  -0.000000  0.000000  0.008116  
0.158590  -0.000000  0.000000  0.008083  
0.158590  -0.000000  0.000000  0.008050  
0.158590  -0.000000  0.000000  0.008018  
0.158590  -0.000000  0.000000  0.007985  
0.000000  0.000000  0.000000  0.000000  
0.000000  0.000000  0.000000  0.000000  
0.000000  0.000000  0.000000  0.000000  
0.000000  0.000000  0.000000  0.000000  
0.000000  0.000000  0.000000  0.000000  
0.000000  0.000000  0.000000  0.000000  
0.000000  0.000000  0.000000  0.000000  
0.000000  0.000000  0.000000  0.000000  
0.000000  0.000000  0.000000  0.000000  
0.000000  0.000000  0.000000  0.000000  
0.000000  0.000000  0.000000  0.000000  
0.000000  0.000000  0.000000  0.000000  
0.000000  0.000000  0.000000  0.000000  
0.000000  0.000000  0.000000  0.000000  
0.000000  0.000000  0.000000  0.000000  
0.000000  0.000000  0.000000  0.000000  
0.000000  0.000000  0.000000  0.000000  
0.000000  0.000000  0.000000  0.000000  
0.000000  0.000000  0.000000  0.000000  
0.000000  0.000000  0.000000  0.000000  
0.000000  0.000000  0.000000  0.000000  
0.000000  0.000000  0.000000  0.000000  
0.000000  0.000000  0.000000  0.000000  
0.000000  0.000000  0.000000  0.000000  
0.000000  0.000000  0.000000  0.000000  
0.000000  0.000000  0.000000  0.000000  
0.000000  0.000000  0.000000  0.000000  
0.000000  0.000000  0.000000  0.000000  
0.000000  0.000000  0.000000  0.000000  
0.000000  0.000000  0.000000  0.000000  
0.000000  0.000000  0.000000  0.000000  
0.000000  0.000000  0.000000  0.000000  
0.000000  0.000000  0.000000  0.000000  
0.000000  0.000000  0.000000  0.000000  
0.000000  0.000000  0.000000  0.000000  
0.000000  0.000000  0.000000  0.000000  
0.000000  0.000000  0.000000  0.000000  
0.000000  0.000000  0.000000  0.000000  
0.000000  0.000000  0.000000  0.000000  
0.000000  0.000000  0.000000  0.000000  
0.000000  0.000000  0.000000  0.000000  
0.000000  0.000000  0.000000  0.000000  
0.000000  0.000000  0.000000  0.000000  
0.000000  0.000000  0.000000  0.000000  
0.000000  0.000000  0.000000  0.000000  
0.000000  0.000000  0.000000  0.000000  
0.000000  0.000000  0.000000  0.000000  
0.000000  0.000000  0.000000  0.000000  
0.000000  0.000000  0.000000  0.000000  
0.000000  0.000000  0.000000  0.000000  
0.000000  0.000000  0.000000  0.000000  
0.000000  0.000000  0.000000  0.000000  
0.000000  0.000000  0.000000  0.000000  
0.000000  0.000000  0.000000  0.000000  
0.000000  0.000000  0.000000  0.000000  
0.000000  0.000000  0.000000  0.000000  
0.000000  0.000000  0.000000  0.000000  
0.000000  0.000000  0.000000  0.000000  
0.000000  0.000000  0.000000  0.000000  
0.000000  0.000000  0.000000  0.000000  
0.000000  0.000000  0.000000  0.000000  
0.000000  0.000000  0.000000  0.000000  
0.000000  0.000000  0.000000  0.000000  
0.000000  0.000000  0.000000  0.000000  
0.000000  0.000000  0.000000  0.000000  
0.000000  0.000000  0.000000  0.000000  
0.000000  0.000000  0.000000  0.000000  
0.000000  0.000000  0.000000  0.000000  
0.000000  0.000000  0.000000  0.000000  
0.000000  0.000000  0.000000  0.000000  
0.000000  0.000000  0.000000  0.000000  
0.000000  0.000000  0.000000  0.000000  
0.000000  0.000000  0.000000  0.000000  
0.000000  0.000000  0.000000  0.000000  
0.000000  0.000000  0.000000  0.000000  
0.000000  0.000000  0.000000  0.000000  
0.000000  0.000000  0.000000  0.000000  
0.000000  0.000000  0.000000  0.000000  
0.000000  0.000000  0.000000  0.000000  
0.000000  0.000000  0.000000  0.000000  
0.000000  0.000000  0.000000  0.000000  
0.000000  0.000000  0.000000  0.000000  
0.000000  0.000000  0.000000  0.000000  
0.000000  0.000000  0.000000  0.000000  
0.000000  0.000000  0.000000  0.000000  
0.000000  0.000000  0.000000  0.000000  
0.000000  0.000000  0.000000  0.000000  
0.000000  0.000000  0.000000  0.000000  
0.000000  0.000000  0.000000  0.000000  
0.000000  0.000000  0.000000  0.000000  
0.000000  0.000000  0.000000  0.000000  
0.000000  0.000000  0.000000  0.000000  
0.000000  0.000000  0.000000  0.000000  
0.000000  0.000000  0.000000  0.000000  
0.000000  0.000000  0.000000  0.000000  
0.000000  0.000000  0.000000  0.000000  
0.000000  0.000000  0.000000  0.000000  
0.000000  0.000000  0.000000  0.000000  
0.000000  0.000000  0.000000  0.000000  
0.000000  0.000000  0.000000  0.000000  
0.000000  0.000000  0.000000  0.000000  
0.000000  0.000000  0.000000  0.000000  
0.000000  0.000000  0.000000  0.000000  
0.000000  0.000000  0.000000  0.000000  
0.000000  0.000000  0.000000  0.000000  
0.000000  0.000000  0.000000  0.000000  
0.000000  0.000000  0.000000  0.000000  
0.000000  0.000000  0.000000  0.000000  
0.000000  0.000000  0.000000  0.000000  
0.000000  0.000000  0.000000  0.000000  
0.000000  0.000000  0.000000  0.000000  
