0.00000  0.00000  
0.00000  0.00012  
0.00000  0.00016  
0.00000  0.00018  
0.00001  0.00021  
0.00001  0.00025  
0.00002  0.00037  
0.00005  0.00054  
0.00008  0.00071  
0.00012  0.00090  
0.00017  0.00108  
0.00023  0.00126  
0.00029  0.00144  
0.00037  0.00163  
0.00046  0.00182  
0.00055  0.00200  
0.00066  0.00219  
0.00077  0.00238  
0.00089  0.00256  
0.00102  0.00277  
0.00117  0.00297  
0.00132  0.00319  
0.00148  0.00338  
0.00166  0.00362  
0.00184  0.00385  
0.00204  0.00409  
0.00225  0.00434  
0.00247  0.00460  
0.00270  0.00486  
0.00295  0.00514  
0.00321  0.00544  
0.00349  0.00575  
0.00378  0.00606  
0.00409  0.00638  
0.00442  0.00674  
0.00476  0.00708  
0.00512  0.00745  
0.00550  0.00781  
0.00590  0.00822  
0.00632  0.00862  
0.00676  0.00903  
0.00722  0.00947  
0.00770  0.00992  
0.00820  0.01039  
0.00873  0.01086  
0.00928  0.01135  
0.00986  0.01184  
0.01046  0.01236  
0.01109  0.01292  
0.01175  0.01346  
0.01243  0.01402  
0.01315  0.01461  
0.01389  0.01519  
0.01466  0.01581  
0.01547  0.01642  
0.01630  0.01706  
0.01717  0.01773  
0.01807  0.01838  
0.01900  0.01907  
0.01997  0.01976  
0.02097  0.02047  
0.02201  0.02119  
0.02309  0.02193  
0.02420  0.02268  
0.02535  0.02346  
0.02654  0.02424  
0.02777  0.02503  
0.02904  0.02585  
0.03035  0.02665  
0.03170  0.02750  
0.03310  0.02836  
0.03453  0.02919  
0.03601  0.03007  
0.03754  0.03097  
0.03910  0.03186  
0.04072  0.03276  
0.04238  0.03369  
0.04408  0.03462  
0.04584  0.03556  
0.04764  0.03651  
0.04948  0.03747  
0.05138  0.03844  
0.05332  0.03942  
0.05532  0.04041  
0.05736  0.04140  
0.05946  0.04242  
0.06160  0.04344  
0.06380  0.04445  
0.06604  0.04548  
0.06834  0.04652  
0.07069  0.04758  
0.07310  0.04863  
0.07555  0.04968  
0.07806  0.05076  
0.08063  0.05182  
0.08325  0.05289  
0.08592  0.05398  
0.08864  0.05506  
0.09142  0.05614  
0.09426  0.05724  
0.09714  0.05833  
0.10009  0.05942  
0.10309  0.06051  
0.10614  0.06159  
0.10925  0.06271  
0.11241  0.06380  
0.11562  0.06490  
0.11890  0.06599  
0.12222  0.06710  
0.12561  0.06820  
0.12904  0.06929  
0.13254  0.07038  
0.13608  0.07147  
0.13969  0.07257  
0.14334  0.07366  
0.14705  0.07476  
0.15082  0.07583  
0.15464  0.07689  
0.15851  0.07795  
0.16243  0.07902  
0.16641  0.08008  
0.17044  0.08113  
0.17453  0.08217  
0.17866  0.08321  
0.18285  0.08425  
0.18709  0.08527  
0.19138  0.08626  
0.19572  0.08728  
0.20011  0.08826  
0.20455  0.08926  
0.20904  0.09022  
0.21358  0.09119  
0.21816  0.09214  
0.22280  0.09306  
0.22747  0.09399  
0.23220  0.09491  
0.23697  0.09581  
0.24178  0.09669  
0.24664  0.09756  
0.25155  0.09843  
0.25649  0.09927  
0.26148  0.10010  
0.26651  0.10090  
0.27157  0.10170  
0.27668  0.10249  
0.28183  0.10324  
0.28701  0.10399  
0.29223  0.10472  
0.29749  0.10542  
0.30278  0.10612  
0.30811  0.10679  
0.31347  0.10745  
0.31886  0.10807  
0.32428  0.10870  
0.32973  0.10927  
0.33522  0.10985  
0.34073  0.11041  
0.34626  0.11095  
0.35183  0.11145  
0.35742  0.11195  
0.36303  0.11244  
0.36867  0.11288  
0.37432  0.11331  
0.38000  0.11372  
0.38570  0.11412  
0.39142  0.11447  
0.39716  0.11482  
0.40291  0.11516  
0.40868  0.11544  
0.41447  0.11574  
0.42026  0.11599  
0.42607  0.11620  
0.43189  0.11643  
0.43772  0.11660  
0.44356  0.11677  
0.44941  0.11690  
0.45526  0.11703  
0.46112  0.11712  
0.46698  0.11720  
0.47284  0.11725  
0.47871  0.11726  
0.48458  0.11728  
0.49045  0.11724  
0.49631  0.11721  
0.50218  0.11714  
0.50803  0.11705  
0.51389  0.11694  
0.51974  0.11680  
0.52558  0.11663  
0.53141  0.11646  
0.53723  0.11625  
0.54304  0.11602  
0.54884  0.11578  
0.55462  0.11550  
0.56040  0.11521  
0.56615  0.11489  
0.57189  0.11456  
0.57761  0.11419  
0.58332  0.11382  
0.58900  0.11343  
0.59467  0.11302  
0.60031  0.11257  
0.60593  0.11212  
0.61153  0.11163  
0.61710  0.11114  
0.62265  0.11063  
0.62817  0.11010  
0.63366  0.10955  
0.63913  0.10899  
0.64457  0.10840  
0.64998  0.10780  
0.65535  0.10717  
0.66070  0.10653  
0.66601  0.10589  
0.67129  0.10521  
0.67654  0.10452  
0.68175  0.10381  
0.68693  0.10310  
0.69206  0.10236  
0.69717  0.10161  
0.70223  0.10085  
0.70726  0.10007  
0.71224  0.09928  
0.71719  0.09848  
0.72209  0.09768  
0.72696  0.09685  
0.73178  0.09601  
0.73657  0.09518  
0.74130  0.09433  
0.74600  0.09344  
0.75065  0.09258  
0.75526  0.09168  
0.75982  0.09080  
0.76434  0.08989  
0.76882  0.08898  
0.77324  0.08808  
0.77763  0.08714  
0.78196  0.08621  
0.78625  0.08526  
0.79049  0.08431  
0.79468  0.08336  
0.79883  0.08242  
0.80293  0.08145  
0.80697  0.08047  
0.81097  0.07948  
0.81492  0.07853  
0.81883  0.07754  
0.82268  0.07656  
0.82648  0.07557  
0.83024  0.07458  
0.83394  0.07358  
0.83760  0.07258  
0.84120  0.07161  
0.84476  0.07060  
0.84826  0.06962  
0.85172  0.06861  
0.85512  0.06763  
0.85848  0.06664  
0.86179  0.06565  
0.86504  0.06466  
0.86825  0.06369  
0.87141  0.06270  
0.87452  0.06172  
0.87758  0.06073  
0.88059  0.05976  
0.88356  0.05881  
0.88647  0.05783  
0.88934  0.05688  
0.89216  0.05591  
0.89493  0.05496  
0.89765  0.05401  
0.90033  0.05308  
0.90296  0.05213  
0.90554  0.05122  
0.90807  0.05027  
0.91056  0.04936  
0.91301  0.04845  
0.91541  0.04753  
0.91776  0.04665  
0.92007  0.04575  
0.92233  0.04487  
0.92455  0.04398  
0.92673  0.04312  
0.92886  0.04226  
0.93095  0.04140  
0.93300  0.04055  
0.93500  0.03970  
0.93697  0.03888  
0.93889  0.03807  
0.94077  0.03725  
0.94261  0.03644  
0.94441  0.03564  
0.94617  0.03487  
0.94790  0.03410  
0.94958  0.03333  
0.95122  0.03257  
0.95283  0.03183  
0.95440  0.03109  
0.95594  0.03037  
0.95744  0.02965  
0.95890  0.02894  
0.96033  0.02825  
0.96172  0.02756  
0.96308  0.02689  
0.96441  0.02621  
0.96570  0.02555  
0.96696  0.02491  
0.96819  0.02429  
0.96938  0.02365  
0.97055  0.02303  
0.97168  0.02241  
0.97279  0.02183  
0.97386  0.02124  
0.97491  0.02068  
0.97593  0.02009  
0.97692  0.01954  
0.97788  0.01898  
0.97881  0.01844  
0.97972  0.01790  
0.98060  0.01739  
0.98145  0.01689  
0.98228  0.01637  
0.98309  0.01590  
0.98387  0.01541  
0.98463  0.01494  
0.98536  0.01447  
0.98607  0.01402  
0.98676  0.01356  
0.98743  0.01315  
0.98807  0.01272  
0.98869  0.01230  
0.98930  0.01190  
0.98988  0.01149  
0.99044  0.01111  
0.99099  0.01075  
0.99152  0.01036  
0.99202  0.01000  
0.99251  0.00964  
0.99299  0.00931  
0.99344  0.00897  
0.99388  0.00863  
0.99430  0.00833  
0.99471  0.00800  
0.99510  0.00771  
0.99548  0.00740  
0.99584  0.00710  
0.99619  0.00683  
0.99652  0.00656  
0.99684  0.00627  
0.99715  0.00603  
0.99743  0.00570  
0.99771  0.00549  
0.99798  0.00529  
0.99972  0.02630  
1.00017  0.01370  
1.00014  0.00327  
1.00005  -0.00052  
1.00000  -0.00092  
0.99999  -0.00053  
0.99999  -0.00024  
1.00000  -0.00014  
1.00000  -0.00013  
1.00000  -0.00012  
1.00000  -0.00012  
1.00000  -0.00012  
1.00000  -0.00011  
1.00000  -0.00011  
1.00000  -0.00010  
1.00000  -0.00009  
1.00000  -0.00008  
1.00000  -0.00008  
1.00000  -0.00008  
1.00000  -0.00008  
0.00000  0.00000  
0.00000  0.00000  
0.00000  0.00000  
0.00000  0.00000  
0.00000  0.00000  
0.00000  0.00000  
0.00000  0.00000  
0.00000  0.00000  
0.00000  0.00000  
0.00000  0.00000  
0.00000  0.00000  
0.00000  0.00000  
0.00000  0.00000  
0.00000  0.00000  
0.00000  0.00000  
0.00000  0.00000  
0.00000  0.00000  
0.00000  0.00000  
0.00000  0.00000  
0.00000  0.00000  
0.00000  0.00000  
0.00000  0.00000  
0.00000  0.00000  
0.00000  0.00000  
0.00000  0.00000  
0.00000  0.00000  
0.00000  0.00000  
0.00000  0.00000  
0.00000  0.00000  
0.00000  0.00000  
0.00000  0.00000  
0.00000  0.00000  
0.00000  0.00000  
0.00000  0.00000  
0.00000  0.00000  
0.00000  0.00000  
0.00000  0.00000  
0.00000  0.00000  
0.00000  0.00000  
0.00000  0.00000  
0.00000  0.00000  
0.00000  0.00000  
0.00000  0.00000  
0.00000  0.00000  
0.00000  0.00000  
0.00000  0.00000  
0.00000  0.00000  
0.00000  0.00000  
0.00000  0.00000  
0.00000  0.00000  
0.00000  0.00000  
0.00000  0.00000  
0.00000  0.00000  
0.00000  0.00000  
0.00000  0.00000  
0.00000  0.00000  
0.00000  0.00000  
0.00000  0.00000  
0.00000  0.00000  
0.00000  0.00000  
0.00000  0.00000  
0.00000  0.00000  
0.00000  0.00000  
0.00000  0.00000  
0.00000  0.00000  
0.00000  0.00000  
0.00000  0.00000  
0.00000  0.00000  
0.00000  0.00000  
0.00000  0.00000  
0.00000  0.00000  
0.00000  0.00000  
0.00000  0.00000  
0.00000  0.00000  
0.00000  0.00000  
0.00000  0.00000  
0.00000  0.00000  
0.00000  0.00000  
0.00000  0.00000  
0.00000  0.00000  
0.00000  0.00000  
0.00000  0.00000  
0.00000  0.00000  
0.00000  0.00000  
0.00000  0.00000  
0.00000  0.00000  
0.00000  0.00000  
0.00000  0.00000  
0.00000  0.00000  
0.00000  0.00000  
0.00000  0.00000  
0.00000  0.00000  
0.00000  0.00000  
0.00000  0.00000  
0.00000  0.00000  
0.00000  0.00000  
0.00000  0.00000  
0.00000  0.00000  
0.00000  0.00000  
0.00000  0.00000  
0.00000  0.00000  
0.00000  0.00000  
0.00000  0.00000  
0.00000  0.00000  
0.00000  0.00000  
0.00000  0.00000  
0.00000  0.00000  
0.00000  0.00000  
0.00000  0.00000  
0.00000  0.00000  
0.00000  0.00000  
0.00000  0.00000  
0.00000  0.00000  
0.00000  0.00000  
0.00000  0.00000  
0.00000  0.00000  
0.00000  0.00000  
0.00000  0.00000  
0.00000  0.00000  
0.00000  0.00000  
0.00000  0.00000  
0.00000  0.00000  
0.00000  0.00000  
0.00000  0.00000  
0.00000  0.00000  
0.00000  0.00000  
0.00000  0.00000  
